9999
4999
9998
4999
9997
4998
9996
4998
9993
4996
9989
4994
9987
4993
9971
4985
9970
4985
9968
4984
9966
4983
9964
4982
9963
4981
9962
4981
9959
4979
9952
4976
9948
4974
9946
4973
9945
4972
9939
4969
9936
4968
9933
4966
9930
4965
9928
4964
9927
4963
9926
4963
9925
4962
9923
4961
9915
4957
9914
4957
9913
4956
9909
4954
9908
4954
9905
4952
9992
4996
9904
4952
9902
4951
9896
4948
9895
4947
9894
4947
9893
4946
9892
4946
9888
4944
9887
4943
9879
4939
9878
4939
9877
4938
9875
4937
9874
4937
9872
4936
9868
4934
9861
4930
9856
4928
9853
4926
9852
4926
9850
4925
9849
4924
9848
4924
9847
4923
9845
4922
9842
4921
9839
4919
9838
4919
9837
4918
9834
4917
9833
4916
9831
4915
9829
4914
9828
4914
9827
4913
9826
4913
9824
4912
9823
4911
9822
4911
9817
4908
9815
4907
9811
4905
9810
4905
9807
4903
9805
4902
9804
4902
9803
4901
9801
4900
9797
4898
9795
4897
9791
4895
9788
4894
9787
4893
9782
4891
9776
4888
9775
4887
9772
4886
9769
4884
9768
4884
9767
4883
9764
4882
9763
4881
9762
4881
9761
4880
9758
4879
9756
4878
9898
4949
9755
4877
9748
4874
9747
4873
9744
4872
9742
4871
9741
4870
9740
4870
9738
4869
9733
4866
9732
4866
9731
4865
9729
4864
9728
4864
9727
4863
9723
4861
9718
4859
9714
4857
9712
4856
9709
4854
9751
4875
9708
4854
9705
4852
9704
4852
9701
4850
9700
4850
9699
4849
9698
4849
9693
4846
9690
4845
9686
4843
9685
4842
9684
4842
9682
4841
9673
4836
9672
4836
9667
4833
9666
4833
9665
4832
9662
4831
9659
4829
9654
4827
9649
4824
9646
4823
9644
4822
9643
4821
9639
4819
9632
4816
9627
4813
9626
4813
9624
4812
9623
4811
9622
4811
9620
4810
9619
4809
9617
4808
9616
4808
9613
4806
9609
4804
9607
4803
9606
4803
9603
4801
9602
4801
9600
4800
9757
4878
9598
4799
9596
4798
9591
4795
9589
4794
9583
4791
9577
4788
9574
4787
9573
4786
9569
4784
9559
4779
9558
4779
9557
4778
9554
4777
9552
4776
9551
4775
9550
4775
9543
4771
9542
4771
9535
4767
9534
4767
9531
4765
9530
4765
9529
4764
9528
4764
9525
4762
9521
4760
9514
4757
9512
4756
9511
4755
9510
4755
9508
4754
9506
4753
9505
4752
9503
4751
9496
4748
9493
4746
9491
4745
9490
4745
9489
4744
9487
4743
9484
4742
9480
4740
9473
4736
9470
4735
9469
4734
9467
4733
9465
4732
9463
4731
9458
4729
9457
4728
9456
4728
9452
4726
9446
4723
9441
4720
9440
4720
9438
4719
9433
4716
9429
4714
9427
4713
9424
4712
9421
4710
9418
4709
9416
4708
9413
4706
9411
4705
9408
4704
9407
4703
9405
4702
9403
4701
9402
4701
9400
4700
9398
4699
9397
4698
9396
4698
9395
4697
9393
4696
9391
4695
9388
4694
9386
4693
9385
4692
9383
4691
9377
4688
9375
4687
9373
4686
9372
4686
9370
4685
9369
4684
9368
4684
9365
4682
9354
4677
9344
4672
9343
4671
9339
4669
9338
4669
9336
4668
9334
4667
9332
4666
9331
4665
9329
4664
9328
4664
9326
4663
9321
4660
9319
4659
9318
4659
9314
4657
9310
4655
9299
4649
9296
4648
9293
4646
9290
4645
9288
4644
9287
4643
9284
4642
9280
4640
9278
4639
9275
4637
9272
4636
9268
4634
9261
4630
9259
4629
9257
4628
9256
4628
9255
4627
9251
4625
9247
4623
9245
4622
9244
4622
9242
4621
9668
4834
9240
4620
9239
4619
9238
4619
9234
4617
9231
4615
9230
4615
9213
4606
9212
4606
9206
4603
9203
4601
9201
4600
9198
4599
9197
4598
9193
4596
9191
4595
9187
4593
9183
4591
9177
4588
9176
4588
9175
4587
9200
4600
9195
4597
9174
4587
9165
4582
9164
4582
9777
4888
9163
4581
9159
4579
9158
4579
9153
4576
9152
4576
9150
4575
9148
4574
9147
4573
9145
4572
9140
4570
9139
4569
9136
4568
9135
4567
9133
4566
9131
4565
9130
4565
9129
4564
9128
4564
9126
4563
9124
4562
9123
4561
9121
4560
9119
4559
9118
4559
9116
4558
9323
4661
9115
4557
9113
4556
9112
4556
9110
4555
9108
4554
9106
4553
9101
4550
9099
4549
9931
4965
9098
4549
9095
4547
9093
4546
9090
4545
9087
4543
9084
4542
9082
4541
9080
4540
9079
4539
9077
4538
9076
4538
9074
4537
9073
4536
9070
4535
9065
4532
9062
4531
9563
4781
9058
4529
9572
4786
9055
4527
9051
4525
9050
4525
9046
4523
9040
4520
9037
4518
9171
4585
9035
4517
9032
4516
9031
4515
9030
4515
9028
4514
9652
4826
9027
4513
9026
4513
9025
4512
9024
4512
9021
4510
9017
4508
9474
4737
9016
4508
9015
4507
9013
4506
9011
4505
9007
4503
9006
4503
9003
4501
9001
4500
8996
4498
8993
4496
8990
4495
8989
4494
8985
4492
8981
4490
8970
4485
9353
4676
8968
4484
8967
4483
8962
4481
8961
4480
8960
4480
8958
4479
8957
4478
8956
4478
8955
4477
8954
4477
8953
4476
8952
4476
8947
4473
8946
4473
8945
4472
8943
4471
8941
4470
8939
4469
8938
4469
8937
4468
8934
4467
9783
4891
8927
4463
8926
4463
8925
4462
8922
4461
8919
4459
8916
4458
8912
4456
8911
4455
9460
4730
8909
4454
9141
4570
8906
4453
8903
4451
9752
4876
8902
4451
8898
4449
8896
4448
8895
4447
8889
4444
8886
4443
8885
4442
8881
4440
8893
4446
8880
4440
8877
4438
8876
4438
8872
4436
8871
4435
8868
4434
8865
4432
8863
4431
9625
4812
8862
4431
8860
4430
9599
4799
8858
4429
8855
4427
8854
4427
8853
4426
8851
4425
8849
4424
8848
4424
8847
4423
8840
4420
8839
4419
8914
4457
8838
4419
8836
4418
8834
4417
8832
4416
8827
4413
8825
4412
8823
4411
8822
4411
8821
4410
8817
4408
8816
4408
8815
4407
8814
4407
8810
4405
9981
4990
9215
4607
8808
4404
8807
4403
8805
4402
8804
4402
8802
4401
8800
4400
8796
4398
8792
4396
8791
4395
8787
4393
8786
4393
8785
4392
8780
4390
8779
4389
8777
4388
8776
4388
8775
4387
8773
4386
8772
4386
8770
4385
8769
4384
8767
4383
8766
4383
8764
4382
8761
4380
8759
4379
9951
4975
8758
4379
8757
4378
9657
4828
8755
4377
8754
4377
8747
4373
8745
4372
8744
4372
8742
4371
8738
4369
8737
4368
8736
4368
8735
4367
8734
4367
8732
4366
8730
4365
8729
4364
8728
4364
8727
4363
8726
4363
8721
4360
8720
4360
8717
4358
8714
4357
8711
4355
8707
4353
8706
4353
8704
4352
8701
4350
9492
4746
8700
4350
8699
4349
8698
4349
8697
4348
9494
4747
8696
4348
8693
4346
8692
4346
8689
4344
8688
4344
8686
4343
8684
4342
8682
4341
8679
4339
8678
4339
8676
4338
8675
4337
9967
4983
8671
4335
9475
4737
8670
4335
8668
4334
8665
4332
8661
4330
8658
4329
8657
4328
8646
4323
8644
4322
8641
4320
8639
4319
8636
4318
8634
4317
8631
4315
8630
4315
8629
4314
8626
4313
8624
4312
8620
4310
8619
4309
8749
4374
8617
4308
8616
4308
8615
4307
8614
4307
8609
4304
8605
4302
8597
4298
8595
4297
9394
4697
8594
4297
8591
4295
8590
4295
8586
4293
8579
4289
9655
4827
8577
4288
8576
4288
8575
4287
8573
4286
8572
4286
8569
4284
8567
4283
8565
4282
8564
4282
8563
4281
8826
4413
8562
4281
8560
4280
8557
4278
8555
4277
8552
4276
9907
4953
8551
4275
8548
4274
8545
4272
8544
4272
8541
4270
8533
4266
8532
4266
9932
4966
8531
4265
9390
4695
8530
4265
8526
4263
8525
4262
8518
4259
8513
4256
8505
4252
8504
4252
8502
4251
8499
4249
8498
4249
8497
4248
8493
4246
9399
4699
8492
4246
8489
4244
8487
4243
8870
4435
8486
4243
8484
4242
8481
4240
8479
4239
8478
4239
8473
4236
8468
4234
8467
4233
8464
4232
8461
4230
8454
4227
8449
4224
8446
4223
9883
4941
8443
4221
9425
4712
9266
4633
8442
4221
8439
4219
8438
4219
8828
4414
8437
4218
8434
4217
8430
4215
8429
4214
8428
4214
8427
4213
8426
4213
8423
4211
8420
4210
8418
4209
8415
4207
8413
4206
8410
4205
8402
4201
8400
4200
8399
4199
8395
4197
8393
4196
8392
4196
8390
4195
8389
4194
9044
4522
8386
4193
8383
4191
8382
4191
8379
4189
8378
4189
8377
4188
8375
4187
8371
4185
8368
4184
8367
4183
8366
4183
9495
4747
8365
4182
8610
4305
8362
4181
8361
4180
8355
4177
8354
4177
8353
4176
9965
4982
8350
4175
8348
4174
8347
4173
8346
4173
8345
4172
8342
4171
8341
4170
8340
4170
8339
4169
8338
4169
8336
4168
8332
4166
8330
4165
8328
4164
8327
4163
8326
4163
8325
4162
9444
4722
9423
4711
8320
4160
8319
4159
8318
4159
8315
4157
8314
4157
8308
4154
8306
4153
8305
4152
8304
4152
8302
4151
8300
4150
9291
4645
8299
4149
8298
4149
8296
4148
8291
4145
8290
4145
8289
4144
8285
4142
8279
4139
8278
4139
8277
4138
8270
4135
8269
4134
8268
4134
8263
4131
8262
4131
8257
4128
9167
4583
8582
4291
8255
4127
8250
4125
8246
4123
8243
4121
8242
4121
8240
4120
8236
4118
8235
4117
8234
4117
8232
4116
8230
4115
8225
4112
8223
4111
8219
4109
9899
4949
8216
4108
8214
4107
9337
4668
8213
4106
9867
4933
8212
4106
8209
4104
8206
4103
8198
4099
8197
4098
9324
4662
8194
4097
8191
4095
9262
4631
8190
4095
8189
4094
8188
4094
8186
4093
8181
4090
8178
4089
8175
4087
8169
4084
8167
4083
9313
4656
8162
4081
9687
4843
8159
4079
8157
4078
8152
4076
8150
4075
8148
4074
8147
4073
8145
4072
8144
4072
8143
4071
8138
4069
8409
4204
8135
4067
8128
4064
8125
4062
9008
4504
8119
4059
8116
4058
8612
4306
8110
4055
8109
4054
8108
4054
8107
4053
8105
4052
8104
4052
8103
4051
8102
4051
8099
4049
8098
4049
8097
4048
8094
4047
8090
4045
8086
4043
8083
4041
8082
4041
8081
4040
8077
4038
8618
4309
8073
4036
8072
4036
8071
4035
8070
4035
8069
4034
8068
4034
8066
4033
8163
4081
8062
4031
9844
4922
8723
4361
8061
4030
9921
4960
8059
4029
8436
4218
8058
4029
8056
4028
8055
4027
8053
4026
8052
4026
8928
4464
8050
4025
9362
4681
8047
4023
9523
4761
8044
4022
8039
4019
9359
4679
8036
4018
8032
4016
8025
4012
8713
4356
8024
4012
8778
4389
8021
4010
8019
4009
8017
4008
8012
4006
8009
4004
8006
4003
8023
4011
8003
4001
8002
4001
8001
4000
8000
4000
9105
4552
7999
3999
7998
3999
8154
4077
8008
4004
7996
3998
9066
4533
7994
3997
7993
3996
7992
3996
7988
3994
7987
3993
7982
3991
7980
3990
7979
3989
7974
3987
7970
3985
7969
3984
7968
3984
7966
3983
7965
3982
7964
3982
7963
3981
7962
3981
7961
3980
7956
3978
7952
3976
7951
3975
7950
3975
7948
3974
7945
3972
7944
3972
7943
3971
8716
4358
7942
3971
7938
3969
7937
3968
7933
3966
7932
3966
7931
3965
7930
3965
7926
3963
9730
4865
7923
3961
7921
3960
7919
3959
7917
3958
7916
3958
7914
3957
7909
3954
7908
3954
7895
3947
7889
3944
7888
3944
7884
3942
7883
3941
8501
4250
7879
3939
9711
4855
7875
3937
7874
3937
9181
4590
8084
4042
7873
3936
9071
4535
7872
3936
7871
3935
7869
3934
7868
3934
7867
3933
7866
3933
7863
3931
7861
3930
7860
3930
8215
4107
7859
3929
7852
3926
7850
3925
7848
3924
7844
3922
7843
3921
7841
3920
7838
3919
7837
3918
7836
3918
7835
3917
7834
3917
7833
3916
7831
3915
7829
3914
7828
3914
9900
4950
7823
3911
7822
3911
9538
4769
7821
3910
9975
4987
8977
4488
7819
3909
7817
3908
7816
3908
7813
3906
7812
3906
7811
3905
7810
3905
7809
3904
7808
3904
7806
3903
9631
4815
7805
3902
7797
3898
7796
3898
7794
3897
7793
3896
9038
4519
7792
3896
7790
3895
7789
3894
7788
3894
7786
3893
7856
3928
7784
3892
7779
3889
7778
3889
7777
3888
7775
3887
7774
3887
7773
3886
7771
3885
7770
3885
7769
3884
7767
3883
7766
3883
7765
3882
7763
3881
7762
3881
7759
3879
7757
3878
7754
3877
7753
3876
7751
3875
7750
3875
7749
3874
7746
3873
7744
3872
7743
3871
9186
4593
7742
3871
7740
3870
8690
4345
7736
3868
9798
4899
7735
3867
7733
3866
8203
4101
7732
3866
7727
3863
7724
3862
7719
3859
7718
3859
7717
3858
7716
3858
7715
3857
7714
3857
7713
3856
7712
3856
7709
3854
7706
3853
7700
3850
7699
3849
7698
3849
8421
4210
7697
3848
7691
3845
7687
3843
7686
3843
7684
3842
7683
3841
9078
4539
7679
3839
7678
3839
7676
3838
7674
3837
7670
3835
7669
3834
7668
3834
7667
3833
7665
3832
8295
4147
7664
3832
7662
3831
7661
3830
7659
3829
9630
4815
7655
3827
7653
3826
9361
4680
7652
3826
9466
4733
7649
3824
7648
3824
7647
3823
8113
4056
7642
3821
7641
3820
7639
3819
8708
4354
7637
3818
7634
3817
7632
3816
7631
3815
7630
3815
7628
3814
7625
3812
7624
3812
7621
3810
7620
3810
7616
3808
9851
4925
7614
3807
7612
3806
8971
4485
7611
3805
7608
3804
7604
3802
7601
3800
7600
3800
7598
3799
7768
3884
7593
3796
9980
4990
7592
3796
7591
3795
7589
3794
7587
3793
7586
3793
7585
3792
7584
3792
7583
3791
7582
3791
9841
4920
7581
3790
7580
3790
7579
3789
7578
3789
7984
3992
7577
3788
7576
3788
7574
3787
7572
3786
7570
3785
7569
3784
7563
3781
7562
3781
7559
3779
7558
3779
7557
3778
7555
3777
7554
3777
7920
3960
7553
3776
9593
4796
8182
4091
7552
3776
9367
4683
7550
3775
9311
4655
7549
3774
9677
4838
7546
3773
8288
4144
7542
3771
7541
3770
7540
3770
7539
3769
8986
4493
8187
4093
7534
3767
7532
3766
7529
3764
7527
3763
7525
3762
7524
3762
7520
3760
7519
3759
7516
3758
7515
3757
7512
3756
7510
3755
9214
4607
7508
3754
7507
3753
8417
4208
7506
3753
7505
3752
7502
3751
9604
4802
8751
4375
8740
4370
7501
3750
9012
4506
7500
3750
7498
3749
7495
3747
7494
3747
8574
4287
7493
3746
8866
4433
8475
4237
7910
3955
7492
3746
7491
3745
7487
3743
7484
3742
7481
3740
7480
3740
7479
3739
7477
3738
7476
3738
8137
4068
7475
3737
9578
4789
7925
3962
7473
3736
7472
3736
9658
4829
7470
3735
7469
3734
7467
3733
7466
3733
7464
3732
7463
3731
7461
3730
7460
3730
7458
3729
8964
4482
7457
3728
7456
3728
8303
4151
7455
3727
7544
3772
7454
3727
9916
4958
7453
3726
7452
3726
7449
3724
9232
4616
7448
3724
7446
3723
7445
3722
9502
4751
7443
3721
8543
4271
8040
4020
7442
3721
8456
4228
7439
3719
7437
3718
9404
4702
7435
3717
7434
3717
7433
3716
7431
3715
7423
3711
7421
3710
7420
3710
9410
4705
7451
3725
7419
3709
7418
3709
7409
3704
7407
3703
7406
3703
7405
3702
7404
3702
7402
3701
7400
3700
7399
3699
7397
3698
7396
3698
7395
3697
7393
3696
7392
3696
7391
3695
7390
3695
7389
3694
7388
3694
7387
3693
8092
4046
7386
3693
7381
3690
7380
3690
7376
3688
7374
3687
7373
3686
7371
3685
7368
3684
7617
3808
7366
3683
7365
3682
7363
3681
7840
3920
7362
3681
7358
3679
7356
3678
7355
3677
7351
3675
7350
3675
7349
3674
9759
4879
7348
3674
7344
3672
7343
3671
7340
3670
7339
3669
7336
3668
7335
3667
7333
3666
7428
3714
7332
3666
7331
3665
8450
4225
8156
4078
7499
3749
7330
3665
7329
3664
7328
3664
7325
3662
7523
3761
7321
3660
7320
3660
7991
3995
7319
3659
7318
3659
7317
3658
7315
3657
7314
3657
7310
3655
7309
3654
7422
3711
7303
3651
7301
3650
7300
3650
7299
3649
7297
3648
7293
3646
7291
3645
7290
3645
7289
3644
7288
3644
7283
3641
7281
3640
7278
3639
7276
3638
7274
3637
8283
4141
7272
3636
7271
3635
7267
3633
7264
3632
7262
3631
7258
3629
7257
3628
7254
3627
7251
3625
8516
4258
7249
3624
7246
3623
9033
4516
7245
3622
8890
4445
8887
4443
7243
3621
7241
3620
7240
3620
7238
3619
7729
3864
7237
3618
7235
3617
7233
3616
9004
4502
7232
3616
8510
4255
7231
3615
7230
3615
7226
3613
8598
4299
7798
3899
7224
3612
7222
3611
7221
3610
7219
3609
7216
3608
7214
3607
7211
3605
7208
3604
7207
3603
7206
3603
7643
3821
7205
3602
7202
3601
7200
3600
8930
4465
7198
3599
7196
3598
7195
3597
7193
3596
7191
3595
9645
4822
7188
3594
7187
3593
9450
4725
7185
3592
7183
3591
7182
3591
7181
3590
7201
3600
7179
3589
7178
3589
7177
3588
7174
3587
7173
3586
7170
3585
7168
3584
7165
3582
9190
4595
8819
4409
7160
3580
7159
3579
7158
3579
7156
3578
7155
3577
7153
3576
7152
3576
9934
4967
7151
3575
7150
3575
7149
3574
7143
3571
7141
3570
7138
3569
7135
3567
9605
4802
7134
3567
7132
3566
7129
3564
7128
3564
7127
3563
9522
4761
8681
4340
7122
3561
7120
3560
7117
3558
7116
3558
7115
3557
7114
3557
7112
3556
7108
3554
7107
3553
7292
3646
7105
3552
8613
4306
7103
3551
7098
3549
7095
3547
7094
3547
7093
3546
7092
3546
7087
3543
7084
3542
8292
4146
7081
3540
9068
4534
7078
3539
7077
3538
7072
3536
7070
3535
7069
3534
7065
3532
7064
3532
7062
3531
7060
3530
7057
3528
7055
3527
7054
3527
7049
3524
7048
3524
7497
3748
7046
3523
7041
3520
7040
3520
7953
3976
7039
3519
9260
4630
7038
3519
7036
3518
7035
3517
7034
3517
9364
4682
7032
3516
7029
3514
7028
3514
7027
3513
7026
3513
7025
3512
9846
4923
7024
3512
7022
3511
8076
4038
7021
3510
7020
3510
7019
3509
9064
4532
7564
3782
7015
3507
7013
3506
7010
3505
7007
3503
8999
4499
8677
4338
7005
3502
9041
4520
7004
3502
7003
3501
7001
3500
6998
3499
6997
3498
6994
3497
6993
3496
6991
3495
8794
4397
6990
3495
6986
3493
6980
3490
6978
3489
6973
3486
6970
3485
6968
3484
6961
3480
6960
3480
8139
4069
6959
3479
7764
3882
6958
3479
6954
3477
7126
3563
6953
3476
6952
3476
6951
3475
8396
4198
6947
3473
6946
3473
6945
3472
6941
3470
6939
3469
6938
3469
6937
3468
6936
3468
6935
3467
6934
3467
9300
4650
6930
3465
9316
4658
8018
4009
6929
3464
6926
3463
8459
4229
6924
3462
6923
3461
6922
3461
6921
3460
6920
3460
6917
3458
8743
4371
6913
3456
9621
4810
6909
3454
9871
4935
6908
3454
6904
3452
6902
3451
7370
3685
6901
3450
9023
4511
6896
3448
6893
3446
6892
3446
6890
3445
8561
4280
6889
3444
6942
3471
6888
3444
6887
3443
6885
3442
6884
3442
9428
4714
6881
3440
6877
3438
6875
3437
6874
3437
9715
4857
6873
3436
6871
3435
7703
3851
6867
3433
6866
3433
6864
3432
6863
3431
6861
3430
6903
3451
6859
3429
6856
3428
6853
3426
8183
4091
6852
3426
9750
4875
6851
3425
6850
3425
6847
3423
6844
3422
6841
3420
8222
4111
6840
3420
6995
3497
6932
3466
6839
3419
6838
3419
6837
3418
6834
3417
6829
3414
8133
4066
6824
3412
6823
3411
6822
3411
6821
3410
6811
3405
6810
3405
6808
3404
6807
3403
6806
3403
6855
3427
6805
3402
6803
3401
7912
3956
6799
3399
6798
3399
6797
3398
6793
3396
6790
3395
6789
3394
8507
4253
6788
3394
8199
4099
6786
3393
6785
3392
6782
3391
6780
3390
9436
4718
7958
3979
6779
3389
6776
3388
6774
3387
6772
3386
7741
3870
6767
3383
9289
4644
6766
3383
6763
3381
6762
3381
6761
3380
8115
4057
6759
3379
6758
3379
6757
3378
6756
3378
6755
3377
6753
3376
9378
4689
6752
3376
6751
3375
9642
4821
6750
3375
6964
3482
6748
3374
6746
3373
8982
4491
7398
3699
6744
3372
6742
3371
6741
3370
8433
4216
6739
3369
6737
3368
6735
3367
6732
3366
7530
3765
6728
3364
6727
3363
6725
3362
7560
3780
6724
3362
6723
3361
6722
3361
9482
4741
7324
3662
6721
3360
6720
3360
6718
3359
6713
3356
6712
3356
6709
3354
6707
3353
9477
4738
8253
4126
6705
3352
6704
3352
6697
3348
6696
3348
6694
3347
6955
3477
6691
3345
6688
3344
7864
3932
6687
3343
6686
3343
6683
3341
8494
4247
6681
3340
6677
3338
9471
4735
6787
3393
6673
3336
6670
3335
6667
3333
6665
3332
8549
4274
6663
3331
6660
3330
6659
3329
6657
3328
6655
3327
8861
4430
6653
3326
6651
3325
9610
4805
8850
4425
6645
3322
6644
3322
6643
3321
7696
3848
6641
3320
7162
3581
6640
3320
6636
3318
6634
3317
6633
3316
6630
3315
6628
3314
6623
3311
8180
4090
6622
3311
6620
3310
6619
3309
6827
3413
6618
3309
6996
3498
6617
3308
9663
4831
6616
3308
6615
3307
6613
3306
6611
3305
6609
3304
8959
4479
6910
3455
6606
3303
6603
3301
6601
3300
6599
3299
6598
3299
6597
3298
6596
3298
6589
3294
8539
4269
6588
3294
6585
3292
6583
3291
7229
3614
6582
3291
6579
3289
9233
4616
6578
3289
6577
3288
6575
3287
6572
3286
6571
3285
6569
3284
7704
3852
6565
3282
6564
3282
6563
3281
9162
4581
8715
4357
6561
3280
7846
3923
6558
3279
6556
3278
9941
4970
6555
3277
6553
3276
8462
4231
6552
3276
6549
3274
6544
3272
6542
3271
6539
3269
6537
3268
6536
3268
6534
3267
6532
3266
6531
3265
7688
3844
6529
3264
9957
4978
6527
3263
7673
3836
6626
3313
6526
3263
8725
4362
6522
3261
7627
3813
6521
3260
6520
3260
7548
3774
6519
3259
6518
3259
6517
3258
8760
4380
6515
3257
6698
3349
6514
3257
8978
4489
6513
3256
6509
3254
6508
3254
6895
3447
6506
3253
6502
3251
6500
3250
6498
3249
6497
3248
7517
3758
6496
3248
6494
3247
6493
3246
9720
4860
6491
3245
6490
3245
6487
3243
6486
3243
6483
3241
6482
3241
6481
3240
6479
3239
8841
4420
6473
3236
6933
3466
6472
3236
6471
3235
6470
3235
6469
3234
8218
4109
6468
3234
6467
3233
6465
3232
6464
3232
8980
4490
6463
3231
8933
4466
6460
3230
9716
4858
9173
4586
6455
3227
6451
3225
6450
3225
7660
3830
6448
3224
8176
4088
6447
3223
6446
3223
9703
4851
9553
4776
6443
3221
9681
4840
6439
3219
6438
3219
6437
3218
6436
3218
6435
3217
6434
3217
6433
3216
7904
3952
6432
3216
6429
3214
8281
4140
6427
3213
6426
3213
6425
3212
7147
3573
6422
3211
6421
3210
7047
3523
6420
3210
6419
3209
8733
4366
6417
3208
6414
3207
8391
4195
7857
3928
6413
3206
6412
3206
6771
3385
6411
3205
6410
3205
6402
3201
9774
4887
6401
3200
6399
3199
6395
3197
6394
3197
9292
4646
6393
3196
7367
3683
6391
3195
6389
3194
6387
3193
6386
3193
8888
4444
6385
3192
6384
3192
9137
4568
6378
3189
6377
3188
9575
4787
6376
3188
6375
3187
9680
4840
8078
4039
6373
3186
6372
3186
7071
3535
6371
3185
6370
3185
6368
3184
6366
3183
6365
3182
6364
3182
6361
3180
9263
4631
6360
3180
6357
3178
6354
3177
6350
3175
6347
3173
6340
3170
6339
3169
9381
4690
6849
3424
6338
3169
6642
3321
6337
3168
6336
3168
6335
3167
6334
3167
9979
4989
6332
3166
6331
3165
6330
3165
6329
3164
6327
3163
6325
3162
6323
3161
6322
3161
6318
3159
6317
3158
6316
3158
6315
3157
6313
3156
6311
3155
6309
3154
6302
3151
6301
3150
7121
3560
7045
3522
6300
3150
6296
3148
8625
4312
6295
3147
7721
3860
6288
3144
6918
3459
6287
3143
6286
3143
6284
3142
6282
3141
6280
3140
6715
3357
6276
3138
6274
3137
7644
3822
6273
3136
6271
3135
6270
3135
8245
4122
6269
3134
6267
3133
8949
4474
6265
3132
9697
4848
6263
3131
6262
3131
6261
3130
7972
3986
6956
3478
6253
3126
6251
3125
6250
3125
8621
4310
6245
3122
7175
3587
6242
3121
8037
4018
6241
3120
6238
3119
6237
3118
6236
3118
6235
3117
6234
3117
6232
3116
7298
3649
6230
3115
6228
3114
6226
3113
9250
4625
6225
3112
6224
3112
8447
4223
7927
3963
7031
3515
6222
3111
6914
3457
6221
3110
9582
4791
6220
3110
6424
3212
6217
3108
6215
3107
6214
3107
6211
3105
7482
3741
7357
3678
6209
3104
6207
3103
6205
3102
6203
3101
7347
3673
6202
3101
8173
4086
6201
3100
6197
3098
8057
4028
6186
3093
6182
3091
6181
3090
6179
3089
6178
3089
6176
3088
6175
3087
6174
3087
6171
3085
6170
3085
6466
3233
6169
3084
6167
3083
8746
4373
6166
3083
6164
3082
9454
4727
6163
3081
8901
4450
6162
3081
6161
3080
7382
3691
6159
3079
6158
3079
6156
3078
6153
3076
6148
3074
6147
3073
6146
3073
6144
3072
8153
4076
6143
3071
6140
3070
6139
3069
9515
4757
6138
3069
6134
3067
6132
3066
6131
3065
8121
4060
6127
3063
6124
3062
8192
4096
6123
3061
8995
4497
6122
3061
6119
3059
6117
3058
6115
3057
6112
3056
6111
3055
6110
3055
7547
3773
6831
3415
6108
3054
9010
4505
6106
3053
6104
3052
6369
3184
6100
3050
6868
3434
6397
3198
6097
3048
6096
3048
6094
3047
6091
3045
6760
3380
6089
3044
8046
4023
6086
3043
7210
3605
6085
3042
6084
3042
6079
3039
6078
3039
6076
3038
6074
3037
6070
3035
6069
3034
8571
4285
7957
3978
6067
3033
6066
3033
8440
4220
6065
3032
6064
3032
9507
4753
6063
3031
9356
4678
6062
3031
8080
4040
6060
3030
6058
3029
7726
3863
6056
3028
6054
3027
6053
3026
9940
4970
6052
3026
9648
4824
8027
4013
6800
3400
6051
3025
6050
3025
8301
4150
6869
3434
6046
3023
6041
3020
6039
3019
6036
3018
8380
4190
6034
3017
9994
4997
6281
3140
6032
3016
8309
4154
6031
3015
6028
3014
6027
3013
6026
3013
9109
4554
6227
3113
6022
3011
7521
3760
6019
3009
6018
3009
6014
3007
7693
3846
6678
3339
6012
3006
6008
3004
7940
3970
7803
3901
6006
3003
6005
3002
6004
3002
6002
3001
5999
2999
5998
2999
5996
2998
8929
4464
5995
2997
5992
2996
5988
2994
5986
2993
5985
2992
5984
2992
5982
2991
5979
2989
6664
3332
5977
2988
6404
3202
5976
2988
5975
2987
8799
4399
5971
2985
5970
2985
5968
2984
5966
2983
7256
3628
5964
2982
5963
2981
5962
2981
5957
2978
5956
2978
9295
4647
5954
2977
9157
4578
7657
3828
5953
2976
8038
4019
5951
2975
5948
2974
6802
3401
5945
2972
5944
2972
5942
2971
5941
2970
5940
2970
5987
2993
5938
2969
5936
2968
9608
4804
5934
2967
5932
2966
5930
2965
5928
2964
5926
2963
5925
2962
5924
2962
7002
3501
5923
2961
8623
4311
5918
2959
5916
2958
5915
2957
7701
3850
7543
3771
5914
2957
5912
2956
5911
2955
5910
2955
9920
4960
5909
2954
7259
3629
5908
2954
5907
2953
8364
4182
7607
3803
5906
2953
6346
3173
5899
2949
5896
2948
6711
3355
5891
2945
9409
4704
5888
2944
5887
2943
5886
2943
6130
3065
5885
2942
5884
2942
9253
4626
6107
3053
5883
2941
5879
2939
5877
2938
5876
2938
8455
4227
5875
2937
5874
2937
5931
2965
5869
2934
8897
4448
5868
2934
5867
2933
5865
2932
5864
2932
5863
2931
5861
2930
5857
2928
9092
4546
7568
3784
5856
2928
8491
4245
5855
2927
5854
2927
5853
2926
5851
2925
5848
2924
8470
4235
5847
2923
5846
2923
7014
3507
5845
2922
5844
2922
5843
2921
5841
2920
5840
2920
6095
3047
5839
2919
5838
2919
5837
2918
6668
3334
5835
2917
9269
4634
5834
2917
6865
3432
5833
2916
5831
2915
5829
2914
7737
3868
5828
2914
5825
2912
5822
2911
7603
3801
5859
2929
5821
2910
5820
2910
5819
2909
6695
3347
5817
2908
5816
2908
6605
3302
5815
2907
6326
3163
5852
2926
5814
2907
7755
3877
5812
2906
5810
2905
5809
2904
5806
2903
7000
3500
5805
2902
5802
2901
6151
3075
5801
2900
6206
3103
5800
2900
6792
3396
5799
2899
5797
2898
5796
2898
5795
2897
9264
4632
5788
2894
5786
2893
5785
2892
5784
2892
5782
2891
5781
2890
5776
2888
5774
2887
5773
2886
7044
3522
5772
2886
8795
4397
5771
2885
7830
3915
5769
2884
5768
2884
5766
2883
6033
3016
5765
2882
5764
2882
5762
2881
5761
2880
5760
2880
6042
3021
5757
2878
5937
2968
5756
2878
5755
2877
5753
2876
5750
2875
5748
2874
5747
2873
5743
2871
5742
2871
5741
2870
5739
2869
5737
2868
7747
3873
5736
2868
5735
2867
6781
3390
5734
2867
5732
2866
5730
2865
5729
2864
5726
2863
5725
2862
5751
2875
5723
2861
5722
2861
5721
2860
5720
2860
9880
4940
9330
4665
7154
3577
6475
3237
5719
2859
5714
2857
5713
2856
9736
4868
5712
2856
5711
2855
8984
4492
5947
2973
5710
2855
5708
2854
8566
4283
7017
3508
5707
2853
9351
4675
7929
3964
5706
2853
5702
2851
5700
2850
5699
2849
8520
4260
5698
2849
5697
2848
5694
2847
8879
4439
5693
2846
5692
2846
7907
3953
5691
2845
7172
3586
5690
2845
9765
4882
5686
2843
9149
4574
5965
2982
5684
2842
5683
2841
5678
2839
5677
2838
9568
4784
5673
2836
9059
4529
5672
2836
5671
2835
5668
2834
7897
3948
5666
2833
5665
2832
5664
2832
5663
2831
6109
3054
5662
2831
5661
2830
8041
4020
5660
2830
9168
4584
5659
2829
5658
2829
6457
3228
5657
2828
5656
2828
5655
2827
5654
2827
5653
2826
5650
2825
5644
2822
5643
2821
9249
4624
5641
2820
8329
4164
5639
2819
5638
2819
5637
2818
5635
2817
5633
2816
9453
4726
5632
2816
5631
2815
9285
4642
7076
3538
6380
3190
6283
3141
5627
2813
9426
4713
7533
3766
5626
2813
9075
4537
5624
2812
5620
2810
5619
2809
5616
2808
5614
2807
9746
4873
8226
4113
6343
3171
5613
2806
5611
2805
5610
2805
5609
2804
5607
2803
7528
3764
5606
2803
5602
2801
5599
2799
5598
2799
6478
3239
5597
2798
5596
2798
7090
3545
5595
2797
7922
3961
7710
3855
5592
2796
8042
4021
5590
2795
5589
2794
5586
2793
5585
2792
5584
2792
9138
4569
8846
4423
8519
4259
5583
2791
5582
2791
8322
4161
5581
2790
6428
3214
5580
2790
5579
2789
5577
2788
5575
2787
7983
3991
7981
3990
5574
2787
5570
2785
5567
2783
8920
4460
5565
2782
9061
4530
5563
2781
6208
3104
5561
2780
8231
4115
5559
2779
5558
2779
8051
4025
5557
2778
5556
2778
5555
2777
7163
3581
5551
2775
9778
4889
5550
2775
5549
2774
5547
2773
5546
2773
5545
2772
5543
2771
8547
4273
5540
2770
5539
2769
5538
2769
5537
2768
7711
3855
5535
2767
9694
4847
5534
2767
7650
3825
5808
2904
5533
2766
9594
4797
5531
2765
6398
3199
5530
2765
5527
2763
5526
2763
8049
4024
6252
3126
5525
2762
5649
2824
5634
2817
5524
2762
5522
2761
5521
2760
5519
2759
5517
2758
6077
3038
5516
2758
6820
3410
6775
3387
5512
2756
5511
2755
5510
2755
6743
3371
5508
2754
5506
2753
5504
2752
8088
4044
5502
2751
9544
4772
7361
3680
5824
2912
5501
2750
7033
3516
5497
2748
5495
2747
8650
4325
5494
2747
9235
4617
8357
4178
5493
2746
5492
2746
5490
2745
5489
2744
7731
3865
6801
3400
5486
2743
5603
2801
5485
2742
5481
2740
5480
2740
5479
2739
6740
3370
5477
2738
8687
4343
6430
3215
5476
2738
7375
3687
5475
2737
6025
3012
5474
2737
5473
2736
5472
2736
9464
4732
5471
2735
5470
2735
8293
4146
7204
3602
5469
2734
7556
3778
6957
3478
5468
2734
5466
2733
5464
2732
8141
4070
8048
4024
5463
2731
5462
2731
5460
2730
5458
2729
5457
2728
7384
3692
5454
2727
5453
2726
8894
4447
5452
2726
5451
2725
5450
2725
5448
2724
6594
3297
5444
2722
5832
2916
5441
2720
5440
2720
5437
2718
9832
4916
5435
2717
9640
4820
5433
2716
5430
2715
8789
4394
7935
3967
5827
2913
5429
2714
5594
2797
5428
2714
5770
2885
5425
2712
6905
3452
5424
2712
5422
2711
9919
4959
8892
4446
5420
2710
5418
2709
5417
2708
8691
4345
5415
2707
5413
2706
5412
2706
5410
2705
5408
2704
5407
2703
5406
2703
6595
3297
5405
2702
9211
4605
5404
2702
5615
2807
5403
2701
6987
3493
5401
2700
8992
4496
5670
2835
5400
2700
7575
3787
5399
2699
5959
2979
5398
2699
5396
2698
6581
3290
5395
2697
6604
3302
5500
2750
5394
2697
5391
2695
6504
3252
5390
2695
9955
4977
5388
2694
5386
2693
9988
4994
5384
2692
5381
2690
5379
2689
5378
2689
5377
2688
5375
2687
5374
2687
5371
2685
5370
2685
5369
2684
5365
2682
8936
4468
5364
2682
9586
4793
6499
3249
6388
3194
5880
2940
5363
2681
8496
4248
5361
2680
5358
2679
5356
2678
5355
2677
5350
2675
5349
2674
5347
2673
5346
2673
5345
2672
6845
3422
5344
2672
5343
2671
5341
2670
6703
3351
5338
2669
5337
2668
5334
2667
5749
2874
5333
2666
6152
3076
5331
2665
9816
4908
9587
4793
5330
2665
5329
2664
5328
2664
5327
2663
5326
2663
5324
2662
6114
3057
5323
2661
5319
2659
5318
2659
8463
4231
5316
2658
7975
3987
5315
2657
5314
2657
5313
2656
5312
2656
5307
2653
5303
2651
5302
2651
8112
4056
5301
2650
6982
3491
5299
2649
5298
2649
9571
4785
7250
3625
5297
2648
6098
3049
5296
2648
5397
2698
5295
2647
5294
2647
5292
2646
5290
2645
9363
4681
5288
2644
5287
2643
5284
2642
5283
2641
5282
2641
5280
2640
7142
3571
5279
2639
9628
4814
6501
3250
5278
2639
5277
2638
7223
3611
5276
2638
6940
3470
5275
2637
5274
2637
9237
4618
5272
2636
9858
4929
9199
4599
5271
2635
5270
2635
5266
2633
5264
2632
5263
2631
5262
2631
5261
2630
5259
2629
5258
2629
5257
2628
6708
3354
5256
2628
5255
2627
9022
4511
5251
2625
5250
2625
8146
4073
5249
2624
8130
4065
5246
2623
5244
2622
5243
2621
8374
4187
5357
2678
5241
2620
5239
2619
7758
3879
5238
2619
9650
4825
5236
2618
6403
3201
5235
2617
5234
2617
5233
2616
5230
2615
7066
3533
5229
2614
9132
4566
5228
2614
5224
2612
9182
4591
5221
2610
5220
2610
5219
2609
5218
2609
5216
2608
5215
2607
5214
2607
5212
2606
5291
2645
5211
2605
5210
2605
5208
2604
5207
2603
9485
4742
5205
2602
5204
2602
8313
4156
5202
2601
5194
2597
5193
2596
5536
2768
5192
2596
5191
2595
5190
2595
5189
2594
5188
2594
5491
2745
5184
2592
7306
3653
5183
2591
9595
4797
5182
2591
6444
3222
5181
2590
5179
2589
5177
2588
5174
2587
5173
2586
8140
4070
5172
2586
9986
4993
5171
2585
8075
4037
5170
2585
6587
3293
5601
2800
5383
2691
5169
2584
6770
3385
5167
2583
8685
4342
8483
4241
7645
3822
6137
3068
5166
2583
9917
4958
5165
2582
5163
2581
8337
4168
5162
2581
7218
3609
5161
2580
5160
2580
6101
3050
5159
2579
5158
2579
5156
2578
9210
4605
5155
2577
5151
2575
5150
2575
5148
2574
5675
2837
5146
2573
6223
3111
6087
3043
5145
2572
5144
2572
5141
2570
9216
4608
5140
2570
5138
2569
5136
2568
5134
2567
8312
4156
5133
2566
7030
3515
5132
2566
6017
3008
5130
2565
6927
3463
5129
2564
5128
2564
5127
2563
5744
2872
5681
2840
5126
2563
5125
2562
9576
4788
5124
2562
9864
4932
5123
2561
9379
4689
5122
2561
5121
2560
5119
2559
5118
2559
5117
2558
8204
4102
5116
2558
5113
2556
5503
2751
5112
2556
5111
2555
8029
4014
5110
2555
9840
4920
5109
2554
7977
3988
5320
2660
5105
2552
5104
2552
5103
2551
5102
2551
5101
2550
5099
2549
5098
2549
5097
2548
9785
4892
6256
3128
5091
2545
5090
2545
5089
2544
2351
1175
2350
1175
6676
3338
2346
1173
1731
865
9218
4609
2340
1170
2339
1169
2338
1169
9459
4729
2589
1294
5818
2909
2332
1166
2330
1165
2229
1114
8718
4359
2320
1160
9322
4661
5222
2611
1849
924
2312
1156
2300
1150
9420
4710
1245
622
6298
3149
189
94
9085
4542
2292
1146
2531
1265
2269
1134
1884
942
7023
3511
2267
1133
120
60
256
128
9094
4547
2263
1131
2256
1128
5523
2761
2255
1127
2250
1125
7513
3756
3340
1670
2244
1122
9537
4768
5439
2719
683
341
2445
1222
2447
1223
3254
1627
6679
3339
6177
3088
3525
1762
2098
1049
7728
3864
2240
1120
2230
1115
2231
1115
9547
4773
2455
1227
2227
1113
2223
1111
1124
562
150
75
6773
3386
2219
1109
8093
4046
249
124
9969
4984
2217
1108
1747
873
141
70
635
317
2838
1419
9188
4594
4914
2457
6257
3128
2214
1107
2846
1423
2209
1104
2208
1104
2253
1126
6512
3256
525
262
2399
1199
5981
2990
3830
1915
2201
1100
1602
801
2200
1100
9753
4876
2199
1099
5416
2708
3427
1713
2196
1098
2195
1097
2192
1096
6356
3178
2189
1094
8790
4395
1308
654
8628
4314
2185
1092
2319
1159
7818
3909
2183
1091
8004
4002
1860
930
2178
1089
8118
4059
6948
3474
4745
2372
2174
1087
6535
3267
107
53
5628
2814
2170
1085
2169
1084
7280
3640
3027
1513
2166
1083
2162
1081
7862
3931
2160
1080
6059
3029
929
464
3199
1599
1435
717
9799
4899
2146
1073
4976
2488
2145
1072
1375
687
8015
4007
3900
1950
8064
4032
2140
1070
3499
1749
2190
1095
9725
4862
3174
1587
6796
3398
2129
1064
2123
1061
2118
1059
5974
2987
2335
1167
9912
4956
2114
1057
2110
1055
1977
988
6560
3280
4004
2002
2632
1316
6950
3475
2103
1051
9380
4690
7526
3763
7425
3712
2102
1051
2094
1047
9154
4577
2092
1046
1845
922
3587
1793
7308
3654
4217
2108
2087
1043
2085
1042
2084
1042
325
162
5478
2739
5449
2724
2082
1041
2389
1194
2252
1126
2081
1040
2356
1178
2080
1040
743
371
5528
2764
2125
1062
9990
4995
9096
4548
7346
3673
296
148
1186
593
2193
1096
6749
3374
5366
2683
2163
1081
4194
2097
5903
2951
16
8
2068
1034
68
34
2334
1167
5704
2852
2064
1032
2063
1031
3268
1634
3505
1752
2061
1030
2060
1030
8425
4212
2059
1029
4635
2317
7849
3924
1252
626
3354
1677
1663
831
2054
1027
2053
1026
2049
1024
2048
1024
2983
1491
2040
1020
9706
4853
2034
1017
8117
4058
2031
1015
7012
3506
6878
3439
936
468
2027
1013
8172
4086
3165
1582
2024
1012
1497
748
2022
1011
2171
1085
4923
2461
367
183
2015
1007
660
330
830
415
5143
2571
3954
1977
8975
4487
2010
1005
2221
1110
6073
3036
502
251
7658
3829
1153
576
3019
1509
5727
2863
2004
1002
828
414
3983
1991
5728
2864
2001
1000
1997
998
1943
971
6359
3179
6188
3094
1993
996
1442
721
3902
1951
4881
2440
1990
995
9843
4921
1192
596
1989
994
2120
1060
1986
993
1984
992
6965
3482
1982
991
6459
3229
1979
989
1973
986
1745
872
1966
983
404
202
1964
982
1834
917
6154
3077
1963
981
8809
4404
1325
662
4300
2150
4654
2327
3926
1963
1952
976
4302
2151
1946
973
2047
1023
1945
972
2089
1044
8482
4241
289
144
1944
972
1940
970
1938
969
3579
1789
1930
965
1927
963
848
424
1924
962
1030
515
1922
961
3223
1611
1921
960
9184
4592
3119
1559
1920
960
8599
4299
214
107
4924
2462
8556
4278
2419
1209
4138
2069
6675
3337
2925
1462
9271
4635
1913
956
1702
851
2052
1026
9166
4583
1591
795
1907
953
8431
4215
7702
3851
5648
2824
1902
951
843
421
1901
950
9029
4514
8063
4031
583
291
4721
2360
9814
4907
6586
3293
5894
2947
1900
950
7485
3742
6180
3090
2019
1009
5198
2599
4705
2352
9526
4763
1897
948
1895
947
4208
2104
1888
944
3907
1953
1501
750
2496
1248
7780
3890
2011
1005
4945
2472
7880
3940
1880
940
1878
939
8271
4135
2633
1316
3546
1773
832
416
6567
3283
1875
937
3214
1607
1858
929
1856
928
9273
4636
2041
1020
5505
2752
3275
1637
8030
4015
1855
927
3081
1540
8843
4421
5687
2843
1854
927
5498
2749
1850
925
3196
1598
8537
4268
2046
1023
2313
1156
1155
577
6669
3334
1848
924
8160
4080
1225
612
795
397
8195
4097
1251
625
2044
1022
1164
582
9302
4651
1843
921
6231
3115
4725
2362
1914
957
594
297
1838
919
7068
3534
1168
584
3919
1959
1836
918
7858
3929
1831
915
3647
1823
1828
914
1825
912
8856
4428
1824
912
3220
1610
3726
1863
4964
2482
1879
939
6983
3491
2638
1319
1818
909
600
300
2033
1016
636
318
5281
2640
240
120
9780
4890
4968
2484
1815
907
9947
4973
2305
1152
1814
907
2179
1089
263
131
4544
2272
1340
670
4788
2394
1810
905
5052
2526
5904
2952
3478
1739
9739
4869
3745
1872
7638
3819
1809
904
2296
1148
7503
3751
4677
2338
6557
3278
1800
900
8020
4010
1533
766
2655
1327
7415
3707
1799
899
2000
1000
1726
863
513
256
9891
4945
1798
899
9689
4844
198
99
6030
3015
1791
895
2579
1289
2159
1079
1786
893
661
330
8095
4047
4358
2179
4807
2403
4726
2363
1782
891
1780
890
1775
887
1386
693
9308
4654
729
364
1773
886
1771
885
1768
884
787
393
2306
1153
1765
882
8211
4105
1760
880
8878
4439
4338
2169
5892
2946
2218
1109
9052
4526
3655
1827
1759
879
9802
4901
129
64
6570
3285
1758
879
8606
4303
4879
2439
8585
4292
1757
878
3605
1802
1755
877
8100
4050
1999
999
2942
1471
1754
877
4707
2353
2599
1299
4088
2044
5300
2650
1957
978
1750
875
1743
871
1741
870
1733
866
1692
846
1942
971
6461
3230
4216
2108
8869
4434
8016
4008
1727
863
8596
4298
1724
862
1722
861
7427
3713
1381
690
9857
4928
8852
4426
6573
3286
4136
2068
6612
3306
5794
2897
1718
859
7417
3708
1835
917
4109
2054
3711
1855
3987
1993
2343
1171
1347
673
1653
826
2457
1228
3742
1871
1709
854
1706
853
8013
4006
4031
2015
1704
852
1698
849
1697
848
8265
4132
8228
4114
674
337
4403
2201
6191
3095
1691
845
1483
741
1690
845
2241
1120
3920
1960
1689
844
7171
3585
1887
943
1684
842
4316
2158
1682
841
1933
966
400
200
6355
3177
1680
840
9315
4657
2443
1221
1678
839
9860
4930
498
249
2933
1466
9581
4790
1674
837
2400
1200
1672
836
8653
4326
4393
2196
3118
1559
9481
4740
7800
3900
3734
1867
7599
3799
5625
2812
1669
834
6979
3489
1668
834
3670
1835
2678
1339
2251
1125
5187
2593
1661
830
652
326
2322
1161
252
126
8134
4067
1659
829
7602
3801
1658
829
6308
3154
5688
2844
3594
1797
1657
828
7436
3718
3822
1911
604
302
9042
4521
2981
1490
1647
823
1646
823
315
157
6193
3096
2485
1242
2247
1123
469
234
1644
822
2172
1086
6396
3198
6249
3124
1640
820
1636
818
2287
1143
1633
816
1632
816
1631
815
143
71
3419
1709
1630
815
4956
2478
8005
4002
5703
2851
1628
814
8258
4129
8177
4088
7354
3677
3257
1628
1625
812
1369
684
8026
4013
4015
2007
1620
810
1705
852
1618
809
8580
4290
2518
1259
6458
3229
2563
1281
9938
4969
1613
806
7633
3816
1729
864
1614
807
3241
1620
7474
3737
1607
803
1376
688
1605
802
1127
563
1603
801
3132
1566
1597
798
9890
4945
1595
797
7144
3572
2348
1174
9189
4594
1592
796
6416
3208
1588
794
998
499
7217
3608
2782
1391
7239
3619
6562
3281
1587
793
6674
3337
4058
2029
1570
785
1645
822
1586
793
1585
792
9713
4856
5414
2707
763
381
1827
913
2023
1011
4946
2473
1813
906
4281
2140
1579
789
2307
1153
8185
4092
3237
1618
3051
1525
9517
4758
6977
3488
1577
788
5387
2693
537
268
8918
4459
1573
786
8351
4175
1801
900
1839
919
1571
785
6415
3207
2050
1025
75
37
3992
1996
2288
1144
5269
2634
1561
780
1560
780
2070
1035
1719
859
8193
4096
5421
2710
1361
680
1953
976
7772
3886
1555
777
3491
1745
2291
1145
1787
893
9107
4553
1034
517
1554
777
5247
2623
4860
2430
1552
776
4202
2101
1621
810
1883
941
3591
1795
6020
3010
1886
943
4530
2265
1545
772
9217
4608
1543
771
1273
636
1615
807
36
18
833
416
5135
2567
1542
771
7967
3983
806
403
9671
4835
3247
1623
1541
770
8321
4160
7566
3783
3073
1536
1539
769
1463
731
4888
2444
1781
890
1538
769
7804
3902
4438
2219
1537
768
1486
743
4457
2228
1534
767
2095
1047
2631
1315
1528
764
8931
4465
471
235
7960
3980
5360
2680
1526
763
821
410
9661
4830
2042
1021
4367
2183
7059
3529
3694
1847
1988
994
6971
3485
2353
1176
2279
1139
2304
1152
1519
759
9819
4909
3328
1664
1517
758
4589
2294
1515
757
1513
756
8600
4300
5939
2969
1512
756
9562
4781
4728
2364
1510
755
108
54
1707
853
1851
925
2314
1157
9812
4906
6187
3093
48
24
1509
754
8584
4292
5106
2553
1507
753
9950
4975
1506
753
3727
1863
1504
752
1503
751
4641
2320
1500
750
6627
3313
1499
749
1498
749
9125
4562
2883
1441
2130
1065
102
51
2029
1014
6817
3408
6784
3392
2862
1431
2906
1453
2016
1008
5071
2535
8244
4122
1374
687
5096
2548
1482
741
1480
740
2682
1341
1994
997
6765
3382
5048
2524
1478
739
1473
736
3752
1876
1472
736
9696
4848
662
331
1471
735
2126
1063
7677
3838
1222
611
6736
3368
6048
3024
818
409
2093
1046
1466
733
7656
3828
62
31
20
10
4435
2217
2197
1098
1465
732
3060
1530
9745
4872
6244
3122
1458
729
1456
728
4787
2393
9519
4759
2236
1118
9906
4953
3479
1739
2009
1004
3753
1876
1452
726
939
469
5514
2757
1450
725
1151
575
3053
1526
1445
722
1444
722
476
238
1443
721
1441
720
1440
720
8709
4354
4467
2233
2057
1028
3313
1656
2088
1044
1436
718
9499
4749
8114
4057
7287
3643
1434
717
5465
2732
1433
716
1432
716
6602
3301
5014
2507
1551
775
3589
1794
3076
1538
5088
2544
1421
710
3234
1617
8256
4128
7629
3814
7590
3795
6858
3429
6259
3129
3871
1935
2234
1117
9054
4527
337
168
1418
709
1872
936
2749
1374
9479
4739
201
100
1417
708
162
81
8101
4050
6010
3005
1414
707
1206
603
2420
1210
2481
1240
1981
990
4104
2052
1024
512
8372
4186
2365
1182
4643
2321
1546
773
3175
1587
1408
704
94
47
1523
761
1407
703
98
49
953
476
1404
702
4237
2118
1882
941
1402
701
4742
2371
1400
700
2106
1053
2302
1151
1398
699
9710
4855
1397
698
7385
3692
1396
698
5922
2961
1395
697
6277
3138
1392
696
7707
3853
1716
858
2847
1423
1429
714
1634
817
7877
3938
3474
1737
1385
692
8944
4472
1384
692
1383
691
1379
689
5695
2847
2968
1484
7496
3748
6559
3279
1608
804
1378
689
1090
545
4163
2081
9048
4524
3088
1544
1484
742
1372
686
5153
2576
3861
1930
1371
685
1095
547
6666
3333
2832
1416
1366
683
1536
768
1795
897
9935
4967
1364
682
1651
825
1145
572
5147
2573
2539
1269
7596
3798
1360
680
1358
679
1357
678
350
175
9045
4522
1540
770
7522
3761
7234
3617
3786
1893
1518
759
1356
678
9612
4806
5061
2530
1352
676
1351
675
1594
797
3509
1754
7037
3518
3820
1910
1338
669
6184
3092
2369
1184
535
267
4025
2012
1738
869
5438
2719
1336
668
1335
667
1948
974
1333
666
6566
3283
2187
1093
2702
1351
5496
2748
1331
665
1304
652
2372
1186
9533
4766
3715
1857
4905
2452
2316
1158
1327
663
1742
871
1326
663
4555
2277
1323
661
2979
1489
2246
1123
89
44
7725
3862
5200
2600
1012
506
7682
3841
1316
658
2298
1149
1314
657
884
442
8633
4316
7305
3652
2839
1419
2136
1068
9669
4834
7663
3831
1529
764
6726
3363
1550
775
2630
1315
9889
4944
3017
1508
8663
4331
6260
3130
1477
738
1312
656
4621
2310
1311
655
145
72
1310
655
1303
651
9122
4561
4599
2299
9036
4518
1974
987
1302
651
4427
2213
9039
4519
2328
1164
1350
675
9117
4558
8031
4015
2336
1168
1297
648
1295
647
1676
838
6488
3244
1293
646
1292
646
1289
644
7008
3504
5717
2858
1521
760
8940
4470
1288
644
2665
1332
2139
1069
1286
643
8221
4110
5873
2936
1285
642
4804
2402
1277
638
1341
670
6081
3040
2813
1406
1276
638
7275
3637
2285
1142
7595
3797
1269
634
4003
2001
1268
634
1265
632
2661
1330
6580
3290
1954
977
1262
631
4398
2199
7106
3553
1260
630
2113
1056
1256
628
2530
1265
4902
2451
1479
739
8529
4264
785
392
38
19
9445
4722
5077
2538
5142
2571
1248
624
1934
967
3728
1864
8923
4461
976
488
1237
618
6538
3269
2371
1185
1236
618
7685
3842
5990
2995
2294
1147
7364
3682
1234
617
9179
4589
1438
719
1228
614
9953
4976
1224
612
8806
4403
1387
693
5645
2822
2663
1331
2205
1102
9049
4524
3430
1715
4504
2252
9089
4544
1217
608
6342
3171
1547
773
157
78
3281
1640
1216
608
1490
745
3176
1588
1212
606
1655
827
1784
892
4160
2080
4247
2123
6408
3204
3448
1724
1210
605
8458
4229
2045
1022
876
438
1257
628
7531
3765
1205
602
1131
565
5131
2565
1202
601
9670
4835
5376
2688
792
396
1455
727
2026
1013
1200
600
2803
1401
1197
598
1196
598
586
293
1232
616
5209
2604
2588
1294
1195
597
9014
4507
1194
597
1193
596
1859
929
7074
3537
5791
2895
4536
2268
8512
4256
5206
2603
1596
798
9660
4830
5515
2757
1190
595
9520
4760
7756
3878
7360
3680
2976
1488
4655
2327
1187
593
3635
1817
1185
592
8830
4415
1178
589
7851
3925
5952
2976
2257
1128
3496
1748
7341
3670
6680
3340
1176
588
33
16
1172
586
2165
1082
1170
585
57
28
1169
584
2831
1415
1936
968
3152
1576
2154
1077
882
441
1165
582
4735
2367
1162
581
8408
4204
3832
1916
1970
985
1916
958
2565
1282
4381
2190
5419
2709
4824
2412
3879
1939
1161
580
1159
579
9422
4711
3071
1535
650
325
5902
2951
4939
2469
2524
1262
1158
579
9702
4851
387
193
7845
3922
2270
1135
1686
843
825
412
5332
2666
4078
2039
6907
3453
1149
574
1928
964
452
226
8907
4453
1147
573
2275
1137
9974
4987
8695
4347
8652
4326
990
495
1144
572
7666
3833
1488
744
4274
2137
9929
4964
8950
4475
4472
2236
1142
571
1141
570
6442
3221
2128
1064
4082
2041
1865
932
5393
2696
4592
2296
1156
578
9349
4674
1139
569
1622
811
1137
568
2248
1124
2814
1407
4431
2215
1797
898
1130
565
2158
1079
1115
557
1349
674
3858
1929
1126
563
4669
2334
1125
562
1123
561
4623
2311
5566
2783
2394
1197
6200
3100
3162
1581
1118
559
1117
558
2013
1006
1116
558
7825
3912
5989
2994
1113
556
1305
652
7636
3818
6900
3450
2111
1055
6367
3183
1664
832
6804
3402
358
179
4432
2216
8523
4261
539
269
7489
3744
678
339
3583
1791
532
266
7976
3988
527
263
9944
4972
2985
1492
3240
1620
521
260
8762
4381
1370
685
8248
4124
6304
3152
363
181
6505
3252
515
257
2736
1368
9516
4758
7212
3606
1328
664
5436
2718
1525
762
2072
1036
1399
699
3957
1978
279
139
602
301
6003
3001
4535
2267
9143
4571
8111
4055
1995
997
8638
4319
2151
1075
229
114
82
41
2851
1425
5432
2716
1992
996
3841
1920
827
413
506
253
677
338
5642
2821
3996
1998
8401
4200
1274
637
1919
959
570
285
6813
3406
3782
1891
9341
4670
2789
1394
258
129
1696
848
180
90
6118
3059
491
245
7011
3505
488
244
9865
4932
8592
4296
2012
1006
1461
730
9726
4863
7623
3811
4515
2257
629
314
6507
3253
3839
1919
5881
2940
4463
2231
6812
3406
2392
1196
3737
1868
103
51
1419
709
1094
547
485
242
74
37
599
299
1862
931
472
236
5487
2743
1264
632
460
230
4546
2273
458
229
376
188
5783
2891
5554
2777
2259
1129
2802
1401
7915
3957
4975
2487
8811
4405
1939
969
301
150
475
237
1239
619
300
150
2065
1032
3840
1920
510
255
2280
1140
4252
2126
2037
1018
1218
609
1080
540
6629
3314
3310
1655
2036
1018
613
306
937
468
1514
757
443
221
1951
975
1240
620
1527
763
9548
4774
522
261
4517
2258
4588
2294
5260
2630
54
27
4617
2308
784
392
881
440
9430
4715
1789
894
6729
3364
442
221
441
220
437
218
7720
3860
436
218
1329
664
219
109
7571
3785
117
58
429
214
1428
714
3554
1777
4507
2253
7016
3508
44
22
1769
884
4121
2060
1971
985
6291
3145
2142
1071
8753
4376
5168
2584
1556
778
1282
641
9611
4805
5000
2500
139
69
1796
898
1949
974
8007
4003
336
168
1077
538
961
480
4230
2115
1072
536
7949
3974
6258
3129
3023
1511
1767
883
1365
682
781
390
148
74
1177
588
8812
4406
1553
776
459
229
422
211
758
379
354
177
199
99
6699
3349
2188
1094
2078
1039
3881
1940
9985
4992
421
210
420
210
3713
1856
2007
1003
1448
724
1163
581
9870
4935
9227
4613
418
209
169
84
8589
4294
8508
4254
4661
2330
5872
2936
362
181
2035
1017
3390
1695
1281
640
7827
3913
456
228
3549
1774
9406
4703
417
208
489
244
2290
1145
770
385
1278
639
6023
3011
737
368
6984
3492
5905
2952
2153
1076
1566
783
313
156
3966
1983
4957
2478
2623
1311
2066
1033
3690
1845
2206
1103
1246
623
4181
2090
2751
1375
3714
1857
7672
3836
5826
2913
5019
2509
752
376
9859
4929
7882
3941
3407
1703
5667
2833
773
386
6407
3203
3137
1568
1660
830
399
199
1817
908
398
199
7783
3891
4067
2033
1649
824
1307
653
6160
3080
1152
576
2774
1387
6794
3397
4651
2325
2948
1474
1001
500
1589
794
1714
857
948
474
8651
4325
2212
1106
4101
2050
7891
3945
3157
1578
396
198
5456
2728
4458
2229
394
197
7083
3541
4600
2300
1014
507
6485
3242
873
436
7190
3595
1935
967
2108
1054
2671
1335
2225
1112
435
217
530
265
2761
1380
9749
4874
971
485
6068
3034
5009
2504
6489
3244
375
187
2575
1287
372
186
9555
4777
370
185
9504
4752
1761
880
1508
754
419
209
1581
790
742
371
1732
866
646
323
499
249
8988
4494
1926
963
1492
746
1730
865
5898
2949
3626
1813
1229
614
463
231
2056
1028
355
177
3381
1690
8158
4079
1334
667
2262
1131
6248
3124
3922
1961
352
176
5306
2653
351
175
569
284
1890
945
1721
860
7322
3661
1043
521
632
316
413
206
1677
838
1411
705
811
405
1373
686
1744
872
1283
641
4351
2175
8239
4119
4962
2481
348
174
2380
1190
544
272
957
478
5636
2818
2222
1111
9346
4673
4212
2106
7734
3867
5949
2974
1567
783
719
359
7228
3614
2880
1440
486
243
8310
4155
3689
1844
6764
3382
5201
2600
97
48
1446
723
255
127
5777
2888
235
117
7266
3633
274
137
9305
4652
7946
3973
7618
3809
4282
2141
7730
3865
6029
3014
1214
607
7488
3744
2412
1206
5617
2808
4275
2137
14
7
9097
4548
7782
3891
2424
1212
4604
2302
2135
1067
8373
4186
7973
3986
326
163
324
162
657
328
5993
2996
4500
2250
3029
1514
2349
1174
4057
2028
4345
2172
323
161
1056
528
2927
1463
7009
3504
619
309
721
360
321
160
9664
4832
7130
3565
2090
1045
877
438
2132
1066
4549
2274
4127
2063
8899
4449
748
374
524
262
523
261
1167
583
2842
1421
1833
916
7619
3809
5336
2668
605
302
311
155
6348
3174
5010
2505
6860
3430
432
216
268
134
6072
3036
4984
2492
679
339
305
152
908
454
7167
3583
2598
1299
4503
2251
793
396
4017
2008
4372
2186
173
86
9352
4676
885
442
1462
731
9579
4789
294
147
9060
4530
8793
4396
109
54
765
382
1961
980
293
146
853
426
1309
654
3504
1752
1822
911
414
207
3398
1699
9224
4612
481
240
4838
2419
1188
594
9207
4603
1109
554
291
145
7842
3921
2905
1452
2104
1052
366
183
9821
4910
8763
4381
5983
2991
4225
2112
638
319
8247
4123
7073
3536
6733
3366
2475
1237
9918
4959
3710
1855
4537
2268
8316
4158
288
144
916
458
7334
3667
3454
1727
1220
610
1558
779
287
143
165
82
7776
3888
6600
3300
448
224
6734
3367
4133
2066
4616
2308
8509
4254
359
179
3515
1757
7444
3722
656
328
1406
703
917
458
824
412
7104
3552
6883
3441
5087
2543
286
143
6278
3139
2216
1108
1968
984
3003
1501
389
194
283
141
2422
1211
2910
1455
411
205
5858
2929
450
225
7302
3651
1114
557
1280
640
2401
1200
8444
4222
125
62
1069
534
7220
3610
3494
1747
6229
3114
272
136
271
135
995
497
2521
1260
9170
4585
1255
627
865
432
6045
3022
474
237
7145
3572
4662
2331
5339
2669
2636
1318
1000
500
266
133
634
317
7099
3549
6815
3407
6608
3304
2167
1083
4131
2065
8280
4140
1146
573
7814
3907
342
171
1215
607
6891
3445
2177
1088
644
322
374
187
31
15
4817
2408
718
359
3842
1921
7337
3668
6351
3175
4569
2284
264
132
633
316
9301
4650
1826
913
262
131
1470
735
304
152
6857
3428
3868
1934
1559
779
1425
712
261
130
7079
3539
779
389
777
388
1301
650
228
114
6083
3041
2872
1436
3543
1771
9298
4649
1339
669
4447
2223
4606
2303
1157
578
6400
3200
1785
892
2391
1195
5882
2941
158
79
260
130
2552
1276
126
63
8867
4433
257
128
7847
3923
6870
3435
4751
2375
9983
4991
8406
4203
1290
645
1004
502
1317
658
4366
2183
1564
782
164
82
6044
3022
771
385
7928
3964
1725
862
1271
635
391
195
8472
4236
2324
1162
4518
2259
1287
643
2138
1069
284
142
707
353
7085
3542
2368
1184
9317
4658
6632
3316
2841
1420
1388
694
3449
1724
3079
1539
9146
4573
270
135
2825
1412
1756
878
451
225
9800
4900
2345
1172
1263
631
9886
4943
6530
3265
2051
1025
8445
4222
1439
719
4636
2318
9192
4596
69
34
2404
1202
1241
620
112
56
2974
1487
3775
1887
1173
586
1150
575
550
275
4292
2146
3851
1925
3980
1990
110
55
195
97
2198
1099
7654
3827
1737
868
9151
4575
3945
1972
4628
2314
829
414
8490
4245
2021
1010
4953
2476
7615
3807
6638
3319
347
173
8522
4261
8208
4104
329
164
104
52
210
105
7424
3712
4783
2391
4983
2491
8788
4394
2645
1322
312
156
5253
2626
4450
2225
259
129
7986
3993
6037
3018
4052
2026
7537
3768
236
118
621
310
6038
3019
4534
2267
2462
1231
388
194
1806
903
3190
1595
8756
4378
2283
1141
1905
952
292
146
116
58
1638
819
6409
3204
1389
694
9743
4871
7881
3940
118
59
1061
530
5913
2956
3744
1872
2086
1043
4000
2000
427
213
3999
1999
11
5
9978
4989
2958
1479
3460
1730
1650
825
202
101
7260
3630
131
65
8259
4129
7248
3624
5100
2550
306
153
5483
2741
4040
2020
9325
4662
7075
3537
4262
2131
8
4
1272
636
8174
4087
3052
1526
4402
2201
88
44
7097
3548
575
287
8273
4136
156
78
816
408
667
333
5185
2592
3338
1669
171
85
8553
4276
428
214
7378
3689
2175
1087
5933
2966
1382
691
7941
3970
4303
2151
4928
2464
8864
4432
1694
847
7199
3599
769
384
314
157
9976
4988
4952
2476
454
227
645
322
2075
1037
81
40
5593
2796
179
89
9155
4577
9057
4528
5268
2634
2152
1076
479
239
596
298
8739
4369
2745
1372
1204
602
60
30
7269
3634
5591
2795
983
491
6305
3152
768
384
9897
4948
77
38
2845
1422
1233
616
9754
4877
1601
800
812
406
254
127
6196
3098
764
382
8647
4323
5612
2806
364
182
4207
2103
5180
2590
415
207
327
163
5431
2715
59
29
741
370
215
107
71
35
9779
4889
8550
4275
3765
1882
1909
954
223
111
2418
1209
7906
3953
7799
3899
4441
2220
2097
1048
4096
2048
4676
2338
8275
4137
2018
1009
2649
1324
9641
4820
2149
1074
4483
2241
7990
3995
70
35
369
184
9789
4894
6383
3191
166
83
6511
3255
393
196
1403
701
4856
2428
8527
4263
1569
784
205
102
9236
4618
308
154
543
271
6639
3319
4107
2053
5740
2870
4266
2133
3700
1850
307
153
21
10
1243
621
142
71
3110
1555
571
285
690
345
3077
1538
353
176
2099
1049
3526
1763
9869
4934
647
323
4186
2093
1544
772
45
22
7056
3528
1049
524
9691
4845
1612
806
64
32
9991
4995
9688
4844
8924
4462
7247
3623
775
387
446
223
1093
546
63
31
377
188
6710
3355
5967
2983
5342
2671
487
243
439
219
253
126
1320
660
3326
1663
892
446
528
264
9862
4931
6814
3407
2696
1348
2039
1019
2282
1141
3064
1532
1391
695
9009
4504
183
91
8294
4147
5195
2597
24
12
373
186
9221
4610
2367
1183
6080
3040
1306
653
4340
2170
23
11
193
96
879
439
9357
4678
4087
2043
844
422
6610
3305
76
38
5340
2670
4718
2359
2768
1384
1464
732
8979
4489
105
52
3888
1944
2572
1286
923
461
6898
3449
278
139
780
390
121
60
26
13
1182
591
5005
2502
1652
826
2964
1482
9901
4950
4172
2086
5008
2504
207
103
8568
4284
655
327
8521
4260
6344
3172
386
193
8643
4321
8011
4005
2043
1021
4490
2245
7886
3943
2482
1241
332
166
1723
861
2966
1483
9100
4550
802
401
1985
992
4243
2121
582
291
3472
1736
3687
1843
468
234
1160
580
8249
4124
587
293
273
136
185
92
5787
2893
2361
1180
371
185
1294
647
766
383
3143
1571
15
7
8583
4291
546
273
3036
1518
8422
4211
1122
561
32
16
6292
3146
934
467
47
23
548
274
4477
2238
842
421
8719
4359
3799
1899
1923
961
9342
4671
7978
3989
592
296
6828
3414
5108
2554
1616
808
209
104
8951
4475
7893
3946
2895
1447
128
64
7261
3630
6321
3160
1530
765
8254
4127
1892
946
9020
4510
4407
2203
2672
1336
9225
4612
5738
2869
1894
947
6835
3417
7
3
1346
673
3780
1890
2326
1163
3615
1807
360
180
5443
2721
115
57
425
212
9567
4783
2354
1177
3628
1814
406
203
3320
1660
1275
637
597
298
903
451
2028
1014
250
125
927
463
8741
4370
5935
2967
5807
2903
1853
926
3246
1623
3776
1888
5092
2546
749
374
1648
824
2738
1369
1332
666
4139
2069
3946
1973
839
419
754
377
176
88
5758
2879
2494
1247
5920
2960
2681
1340
8241
4120
95
47
9283
4641
938
469
8694
4347
1171
585
9536
4768
4313
2156
5997
2998
290
145
1642
821
9005
4502
7279
3639
3725
1862
1764
882
4695
2347
251
125
5426
2713
3798
1899
1820
910
5811
2905
28
14
9196
4598
5752
2876
2740
1370
3422
1711
4594
2297
9636
4818
6591
3295
1031
515
245
122
670
335
8349
4174
5568
2784
58
29
6949
3474
3447
1723
41
20
8603
4301
796
398
3527
1763
9443
4721
8165
4082
2210
1105
2116
1058
4757
2378
4704
2352
17
8
2863
1431
9160
4580
8765
4382
4971
2485
1006
503
473
236
1045
522
7133
3566
2732
1366
9209
4604
7111
3555
1998
999
1720
860
4167
2083
9813
4906
4
2
3274
1637
2207
1103
4151
2075
4525
2262
4937
2468
7802
3901
1423
711
4439
2219
40
20
1819
909
507
253
152
76
5724
2862
217
108
8705
4352
4727
2363
2155
1077
1568
784
8317
4158
140
70
7124
3562
331
165
132
66
3452
1726
35
17
4346
2173
2176
1088
7708
3854
986
493
4349
2174
4714
2357
531
265
85
42
8965
4482
1368
684
6899
3449
6289
3144
3654
1827
593
296
368
184
4547
2273
1593
796
6818
3409
2639
1319
9282
4641
8448
4224
22
11
9566
4783
857
428
5520
2760
5293
2646
1344
672
416
208
1808
904
1494
747
9956
4978
8703
4351
18
9
8712
4356
2323
1161
3877
1938
1199
599
8783
4391
7791
3895
6701
3350
1958
979
243
121
6574
3287
409
204
91
45
791
395
1244
622
9103
4551
610
305
1041
520
2122
1061
590
295
8452
4226
7739
3869
5359
2679
901
450
3915
1957
2516
1258
5423
2711
5367
2683
1009
504
6374
3187
6312
3156
27
13
6254
3127
10
5
2595
1297
8201
4100
1788
894
177
88
4509
2254
381
190
1611
805
2755
1377
3082
1541
55
27
1679
839
1516
758
29
14
2362
1181
9954
4977
8155
4077
2315
1157
5389
2694
423
211
6126
3063
1969
984
6590
3295
113
56
7518
3759
2646
1323
3623
1811
1972
986
8323
4161
5029
2514
79
39
3672
1836
509
254
4452
2226
9320
4660
5003
2501
320
160
2387
1193
8065
4032
1695
847
151
75
9647
4823
891
445
3097
1548
5927
2963
383
191
6825
3412
554
277
194
97
6548
3274
5385
2692
2836
1418
3899
1949
1495
747
895
447
6216
3108
2790
1395
2030
1015
9561
4780
1207
603
1355
677
529
264
7119
3559
6943
3471
4250
2125
4573
2286
9977
4988
6543
3271
5006
2503
123
61
7353
3676
1394
697
6
3
111
55
2148
1074
7722
3861
2543
1271
5265
2632
4284
2142
163
81
1846
923
7146
3573
759
379
6333
3166
361
180
2963
1481
1557
778
2750
1375
225
112
9855
4927
280
140
4557
2278
666
333
66
33
612
306
265
132
2083
1041
1067
533
8669
4334
5715
2857
3817
1908
4833
2416
218
109
6944
3472
3814
1907
3138
1569
776
388
850
425
1318
659
49
24
5115
2557
282
141
238
119
875
437
231
115
736
368
9540
4770
9358
4679
67
33
4331
2165
37
18
5716
2858
920
460
4171
2085
9501
4750
1300
650
4424
2212
2994
1497
5030
2515
7296
3648
153
76
6730
3365
6656
3328
1874
937
574
287
810
405
1098
549
5137
2568
924
462
46
23
3273
1636
335
167
1868
934
50
25
80
40
1060
530
1135
567
3837
1918
8091
4045
3482
1741
470
235
9478
4739
1085
542
4309
2154
211
105
3207
1603
8972
4486
8672
4336
122
61
52
26
7006
3503
3865
1932
3161
1580
5120
2560
2937
1468
4794
2397
93
46
1148
574
972
486
897
448
6783
3391
1016
508
1184
592
6833
3416
1896
948
4607
2303
6255
3127
837
418
9961
4980
99
49
8149
4074
6661
3330
5442
2721
1617
808
2058
1029
1298
649
5069
2534
34
17
5267
2633
213
106
7213
3606
747
373
1208
604
496
248
6969
3484
3428
1714
3777
1888
9674
4837
1991
995
4611
2305
9043
4521
5544
2772
1917
958
8282
4141
6183
3091
1362
681
25
12
904
452
144
72
8460
4230
7401
3700
5461
2730
504
252
2258
1129
4145
2072
7394
3697
5157
2578
4294
2147
7900
3950
2999
1499
1291
645
333
166
4360
2180
9462
4731
2164
1082
1250
625
514
257
6105
3052
4347
2173
147
73
1524
762
1600
800
7412
3706
1584
792
1183
591
1023
511
819
409
7807
3903
1070
535
3934
1967
5023
2511
4784
2392
5026
2513
149
74
6745
3372
3569
1784
9111
4555
2232
1116
208
104
3366
1683
385
192
154
77
1876
938
540
270
8588
4294
155
77
3691
1845
9442
4721
130
65
7410
3705
1910
955
1053
526
1247
623
809
404
2978
1489
8587
4293
982
491
9067
4533
2689
1344
5532
2766
1776
888
9243
4621
146
73
2741
1370
1699
849
585
292
299
149
3608
1804
482
241
1766
883
161
80
8683
4341
631
315
4092
2046
221
110
6503
3251
1154
577
168
84
3674
1837
200
100
1950
975
8403
4201
2204
1102
503
251
3135
1567
1415
707
4355
2177
1863
931
5866
2933
2133
1066
4822
2411
1203
601
3662
1831
3932
1966
8782
4391
1485
742
4466
2233
533
266
1401
700
2602
1301
872
436
7295
3647
2168
1084
230
115
3600
1800
3593
1796
3754
1877
2211
1105
4044
2022
73
36
7646
3823
1416
708
3321
1660
2310
1155
186
93
538
269
534
267
187
93
4908
2454
7609
3804
1643
821
466
233
1319
659
625
312
4246
2123
4846
2423
798
399
8385
4192
190
95
947
473
6306
3153
424
212
1774
887
5434
2717
242
121
899
449
401
200
232
116
192
96
2629
1314
3107
1553
8900
4450
4488
2244
1143
571
4014
2007
859
429
8224
4112
4597
2298
175
87
860
430
1770
885
950
475
203
101
234
117
962
481
7824
3912
1864
932
1267
633
6906
3453
5685
2842
3679
1839
403
201
7465
3732
12
6
277
138
910
455
408
204
7270
3635
607
303
727
363
3993
1996
216
108
7997
3998
6133
3066
4218
2109
9629
4814
8126
4063
526
263
7061
3530
2091
1045
6652
3326
4802
2401
9634
4817
520
260
9866
4933
1837
918
3327
1663
1840
920
3521
1760
7403
3701
6523
3261
6040
3020
247
123
2337
1168
322
161
1231
615
9389
4694
4443
2221
8087
4043
671
335
9835
4917
2032
1016
6035
3017
2062
1031
2573
1286
706
353
9820
4910
6894
3447
0
0
2403
1201
6975
3487
191
95
2358
1179
9205
4602
3185
1592
3490
1745
1662
831
1871
935
6480
3240
178
89
241
120
6912
3456
6568
3284
349
174
942
471
3314
1657
944
472
1996
998
1583
791
6456
3228
237
118
5285
2642
1893
946
2318
1159
5252
2626
789
394
8465
4232
6204
3102
4289
2144
3417
1708
248
124
4054
2027
3239
1619
1956
978
8251
4125
7194
3597
3099
1549
4848
2424
547
273
3916
1958
2073
1036
1427
713
4755
2377
6533
3266
1792
896
1637
818
954
477
549
274
295
147
567
283
328
164
1576
788
7890
3945
3369
1684
841
420
2266
1133
9347
4673
2582
1291
4206
2103
1451
725
898
449
2844
1422
551
275
1639
819
728
364
1129
564
2613
1306
3897
1948
864
432
8369
4184
444
222
7535
3767
3942
1971
977
488
124
62
559
279
4476
2238
1857
928
2486
1243
4332
2166
3396
1698
1101
550
5353
2676
560
280
2853
1426
6125
3062
566
283
9806
4903
6102
3051
2616
1308
9333
4666
1947
973
9252
4626
952
476
541
270
5368
2684
2726
1363
9
4
2450
1225
2849
1424
5322
2661
2276
1138
3952
1976
676
338
568
284
577
288
5573
2786
3007
1503
2570
1285
1166
583
1975
987
3306
1653
2529
1264
9371
4685
2834
1417
5929
2964
573
286
407
203
1574
787
5779
2889
1823
911
2858
1429
8233
4116
1219
609
8488
4244
3928
1964
2303
1151
4113
2056
4670
2335
7166
3583
188
94
6826
3413
2617
1308
698
349
588
294
871
435
3793
1896
5571
2785
4356
2178
4772
2386
774
387
319
159
5154
2577
4152
2076
5919
2959
5203
2601
966
483
1324
662
5065
2532
591
295
536
268
3835
1917
849
424
4461
2230
497
248
8307
4153
598
299
8397
4198
545
272
1042
521
960
480
3397
1698
1700
850
2894
1447
8774
4387
4688
2344
2311
1155
732
366
3181
1590
4799
2399
3282
1641
84
42
1211
605
2274
1137
5507
2753
3480
1740
2848
1424
4550
2275
1337
668
606
303
2723
1361
1474
737
8667
4333
5705
2852
1227
613
9360
4680
9178
4589
8453
4226
1343
671
731
365
9796
4898
1987
993
8398
4199
1075
537
659
329
2421
1210
2228
1114
9949
4974
4369
2184
9635
4817
3067
1533
6218
3109
609
304
2808
1404
5467
2733
2982
1491
4425
2212
2235
1117
3468
1734
3539
1769
2161
1080
9982
4991
909
454
1345
672
4766
2383
611
305
8813
4406
61
30
2260
1130
726
363
1549
774
1315
657
1119
559
2724
1362
1422
711
1393
696
4321
2160
5066
2533
1734
867
1420
710
985
492
620
310
614
307
1666
833
3497
1748
615
307
2273
1136
6362
3181
616
308
7459
3729
6738
3369
6165
3082
3729
1864
392
196
2265
1132
5245
2622
2181
1090
3702
1851
8179
4089
7140
3570
617
308
3140
1570
1978
989
622
311
1688
844
5045
2522
627
313
1609
804
794
397
717
358
760
380
862
431
1380
690
643
321
339
169
996
498
7441
3720
2850
1425
6141
3070
639
319
7377
3688
2428
1214
649
324
7694
3847
603
301
2342
1171
9721
4860
6690
3345
1783
891
651
325
8394
4197
2268
1134
1885
942
578
289
2344
1172
8882
4441
7795
3897
725
362
8558
4279
2325
1162
4865
2432
2973
1486
4318
2159
9836
4918
8477
4238
7594
3797
3021
1510
1454
727
840
420
658
329
1562
781
495
247
7690
3845
6341
3170
4730
2365
2220
1110
762
381
3788
1894
8074
4037
1089
544
4624
2312
665
332
1748
874
686
343
3224
1612
5917
2958
668
334
302
151
2186
1093
778
389
3238
1619
465
232
7139
3569
3913
1956
974
487
8034
4017
5020
2510
6830
3415
889
444
2284
1142
858
429
8963
4481
3350
1675
2101
1050
8274
4137
1296
648
1778
889
963
481
8818
4409
5352
2676
56
28
817
408
5629
2814
664
332
681
340
8913
4456
1198
599
755
377
6872
3436
1259
629
1476
738
3411
1705
4418
2209
453
226
9382
4691
3167
1583
691
345
682
341
5578
2789
1353
676
5991
2995
3732
1866
4512
2256
1092
546
2363
1181
8506
4253
751
375
8662
4331
8622
4311
467
233
1025
512
1911
955
1598
799
9771
4885
3267
1633
5482
2741
4659
2329
761
380
1915
957
330
165
9486
4743
7536
3768
4005
2002
1106
553
6324
3162
4140
2070
2239
1119
2341
1170
9854
4927
6476
3238
5862
2931
5083
2541
7100
3550
558
279
1777
888
750
375
8724
4362
181
90
739
369
2317
1158
1821
910
341
170
4049
2024
1468
734
685
342
4176
2088
637
318
167
83
3105
1552
7215
3607
687
343
2355
1177
5488
2744
477
238
2854
1427
397
198
2293
1146
6916
3458
692
346
2278
1139
1279
639
693
346
316
158
696
348
2753
1376
699
349
1701
850
4556
2278
701
350
2096
1048
702
351
4185
2092
137
68
744
372
6516
3258
703
351
7268
3634
3169
1584
4715
2357
9270
4635
886
443
1038
519
517
258
2203
1101
1794
897
4614
2307
1086
543
5513
2756
1906
953
704
352
710
355
4859
2429
3386
1693
814
407
4130
2065
1925
962
713
356
695
347
714
357
3801
1900
4001
2000
6431
3215
968
484
716
358
2286
1143
1762
881
4647
2323
1877
938
820
410
1459
729
8635
4317
6816
3408
1249
624
955
477
410
205
4495
2247
6247
3123
4543
2271
1078
539
346
173
1120
560
1087
543
9539
4769
6747
3373
6345
3172
5372
2686
4508
2254
5943
2971
722
361
723
361
724
362
4663
2331
1752
876
730
365
6624
3312
3621
1810
8132
4066
1284
642
2414
1207
1654
827
4383
2191
159
79
101
50
734
367
9053
4526
735
367
2469
1234
395
197
3087
1543
738
369
2261
1130
1002
501
9018
4509
1052
526
835
417
9104
4552
8286
4143
4978
2489
6769
3384
5718
2859
2281
1140
2333
1166
1066
533
926
463
8136
4068
3146
1573
1931
965
870
435
8942
4471
8581
4290
480
240
1180
590
745
372
5152
2576
3534
1767
2817
1408
552
276
6212
3106
2006
1003
746
373
1390
695
3037
1518
3708
1854
906
453
712
356
753
376
3991
1995
565
282
2213
1106
1656
828
4656
2328
557
278
7136
3568
935
467
9091
4545
2385
1192
9392
4696
2662
1331
1011
505
8503
4251
756
378
5063
2531
4818
2409
757
378
2492
1246
6310
3155
3611
1805
3272
1636
3194
1597
4501
2250
4791
2395
767
383
8831
4415
6731
3365
772
386
1051
525
4979
2489
90
45
2965
1482
8673
4336
940
470
2069
1034
4973
2486
5499
2749
204
102
3875
1937
782
391
4832
2416
2329
1164
3206
1603
673
336
797
398
852
426
2857
1428
799
399
993
496
6791
3395
4213
2106
1891
945
7640
3820
197
98
1029
514
4950
2475
3405
1702
4782
2391
1235
617
803
401
7561
3780
1842
921
3705
1852
1629
814
2452
1226
1976
988
3202
1601
6195
3097
3130
1565
804
402
7597
3798
2907
1453
3401
1700
4174
2087
6880
3440
298
149
9134
4567
3344
1672
3486
1743
8966
4483
992
496
4567
2283
805
402
2477
1238
1074
537
709
354
2289
1144
9532
4766
2245
1122
2297
1148
318
159
1103
551
1254
627
9564
4782
4868
2434
813
406
815
407
2581
1290
740
370
1898
949
823
411
1847
923
2770
1385
1703
851
1793
896
1449
724
51
25
826
413
9960
4980
8210
4105
1599
799
1713
856
2998
1499
1962
981
3147
1573
3675
1837
9265
4632
1097
548
3467
1733
831
415
1520
760
8784
4392
608
304
6540
3270
5994
2997
630
315
1175
587
1033
516
5086
2543
8363
4181
7110
3555
196
98
8648
4324
4876
2438
2079
1039
1054
527
846
423
2150
1075
854
427
3010
1505
6576
3288
2147
1073
7865
3932
1753
876
8680
4340
8411
4205
3530
1765
5793
2896
4229
2114
4414
2207
4529
2264
340
170
8060
4030
317
158
4106
2053
19
9
9455
4727
2510
1255
3
1
4884
2442
6190
3095
1138
569
1313
656
512
256
4408
2204
2038
1019
861
430
3880
1940
2002
1001
4180
2090
6272
3136
2003
1001
461
230
9565
4782
863
431
9219
4609
4857
2428
6477
3238
3997
1998
866
433
6967
3483
5830
2915
2271
1135
8535
4267
2811
1405
3661
1830
8528
4264
5623
2811
978
489
2798
1399
8637
4318
3531
1765
869
434
933
466
3256
1628
3316
1658
4308
2154
356
178
378
189
874
437
7192
3596
6445
3222
3958
1979
1829
914
212
106
8607
4303
1035
517
8405
4202
880
440
663
331
4511
2255
883
441
4010
2005
5325
2662
1804
902
500
250
1133
566
516
258
8360
4180
6061
3030
5149
2574
3649
1824
888
444
4875
2437
6876
3438
5763
2881
3026
1513
1140
570
8334
4167
1681
840
1430
715
7610
3805
6173
3086
511
255
4724
2362
1578
789
893
446
894
447
1563
781
2889
1444
1136
568
6363
3181
501
250
6974
3487
5560
2780
845
422
1108
554
8915
4457
227
113
8457
4228
4892
2446
5041
2520
905
452
8480
4240
2067
1033
281
140
2657
1328
907
453
911
455
3286
1643
822
411
9267
4633
688
344
9449
4724
8376
4188
7416
3708
4545
2272
913
456
642
321
914
457
9241
4620
2990
1495
3002
1501
127
63
3086
1543
9972
4986
4951
2475
5813
2906
790
395
7369
3684
918
459
1453
726
921
460
928
464
4801
2400
4963
2481
941
470
462
231
900
450
5978
2989
2127
1063
3453
1726
9286
4643
1861
930
1683
841
135
67
946
473
7671
3835
2495
1247
949
474
7675
3837
6897
3448
2191
1095
4690
2345
8227
4113
951
475
7253
3626
3601
1800
4561
2280
1803
901
1511
755
1590
795
6648
3324
39
19
4222
2111
4805
2402
3378
1689
6976
3488
3271
1635
9830
4915
1447
723
5564
2782
2757
1378
6319
3159
4306
2153
8229
4114
3643
1821
1409
704
3829
1914
654
327
967
483
2476
1238
912
456
3566
1783
9618
4809
576
288
1050
525
1641
820
4060
2030
970
485
1505
752
9120
4560
5242
2621
2596
1298
4064
2032
973
486
438
219
979
489
5509
2754
1015
507
980
490
8642
4321
988
494
4034
2017
6213
3106
343
171
994
497
7918
3959
7345
3672
65
32
6928
3464
997
498
9570
4785
4065
2032
2640
1320
1003
501
1687
843
1005
502
2107
1053
1481
740
4686
2343
1007
503
9809
4904
9412
4706
206
103
1008
504
2295
1147
1711
855
2788
1394
3392
1696
890
445
4085
2042
9303
4651
5605
2802
1013
506
1017
508
222
111
3845
1922
7567
3783
6495
3247
3884
1942
1354
677
2237
1118
9549
4774
1018
509
3020
1510
9692
4846
1019
509
7372
3686
402
201
1021
510
2600
1300
2517
1258
136
68
1026
513
42
21
9924
4962
1028
514
6418
3209
1475
737
2500
1250
2173
1086
5647
2823
1322
661
4840
2420
1181
590
1606
803
4491
2245
1044
522
4203
2101
4510
2255
1348
674
1424
712
653
326
5955
2977
138
69
628
314
1046
523
8033
4016
3927
1963
6842
3421
1047
523
1708
854
987
493
1057
528
1088
544
447
223
4779
2389
5621
2810
1058
529
9651
4825
3735
1867
6843
3421
6128
3064
4903
2451
1059
529
1063
531
5317
2658
3918
1959
5836
2918
4276
2138
338
169
5304
2652
4831
2415
1064
532
6353
3176
4959
2479
3639
1819
1230
615
9545
4772
434
217
697
348
2604
1302
3260
1630
9229
4614
1071
535
224
112
3707
1853
1076
538
1096
548
1079
539
8660
4330
2014
1007
3330
1665
379
189
490
245
4041
2020
3459
1729
1740
870
3622
1811
5804
2902
1010
505
7705
3852
1081
540
1084
542
6075
3037
1363
681
1091
545
3112
1556
1083
541
1062
531
2025
1012
1100
550
2331
1165
562
281
589
294
1105
552
9476
4738
2357
1178
2955
1477
4889
2444
2359
1179
8381
4190
4615
2307
3848
1924
2360
1180
2364
1182
2143
1071
3258
1629
3785
1892
2366
1183
563
281
4028
2014
4178
2089
2373
1186
2375
1187
5676
2838
2376
1188
1073
536
4494
2247
2378
1189
6966
3483
3648
1824
5095
2547
2381
1190
2382
1191
4835
2417
7086
3543
2383
1191
3852
1926
5308
2654
4114
2057
2386
1193
170
85
2390
1195
3516
1758
405
202
694
347
2393
1196
7091
3545
3187
1593
5043
2521
601
300
2395
1197
2397
1198
2398
1199
9882
4941
8820
4410
6882
3441
2402
1201
3564
1782
2567
1283
5054
2527
2405
1202
2542
1271
233
116
2677
1338
2829
1414
3360
1680
2407
1203
6243
3121
3796
1898
931
465
2408
1204
3145
1572
8722
4361
3989
1994
8998
4499
2242
1121
2100
1050
2409
1204
2410
1205
2411
1205
2413
1206
2415
1207
3115
1557
4210
2105
5079
2539
1065
532
2416
1208
2417
1208
8546
4273
6314
3157
4652
2326
7051
3525
1496
748
1717
858
2425
1212
715
357
2426
1213
9724
4862
2427
1213
8578
4289
7252
3626
6423
3211
2429
1214
2431
1215
2432
1216
7312
3656
3040
1520
3575
1787
1330
665
505
252
382
191
2433
1216
8654
4327
2434
1217
1413
706
2435
1217
2436
1218
2437
1218
7954
3977
6717
3358
6390
3195
269
134
595
297
2507
1253
4319
2159
1487
743
2438
1219
4813
2406
2439
1219
2440
1220
1082
541
3678
1839
2442
1221
7413
3706
1531
765
2444
1222
6007
3003
2448
1224
2620
1310
6279
3139
5226
2613
2449
1224
2977
1488
2451
1225
3741
1870
915
457
2453
1226
3823
1911
7123
3561
553
276
2454
1227
1104
552
4416
2208
2458
1229
1665
832
2459
1229
2464
1232
3976
1988
6988
3494
2876
1438
2465
1232
6189
3094
572
286
2468
1234
3144
1572
2470
1235
2471
1235
5576
2788
2473
1236
2474
1237
3959
1979
2115
1057
4664
2332
2479
1239
2483
1241
2484
1242
6381
3190
4164
2082
2487
1243
2489
1244
2555
1277
5445
2722
4843
2421
5427
2713
2490
1245
4746
2373
2491
1245
2493
1246
5305
2652
2497
1248
9419
4709
5186
2593
2498
1249
4305
2152
2501
1250
3760
1880
3767
1883
5197
2598
2502
1251
2503
1251
2504
1252
2881
1440
4069
2034
2506
1253
2508
1254
8845
4422
6299
3149
4288
2144
2509
1254
7209
3604
3301
1650
2511
1255
9348
4674
8370
4185
4825
2412
2512
1256
7538
3769
2513
1256
7164
3582
2514
1257
925
462
2515
1257
2519
1259
7588
3794
4710
2355
7018
3509
5562
2781
2522
1261
2523
1261
4944
2472
2525
1262
5548
2774
2526
1263
3262
1631
6554
3277
2527
1263
5850
2925
3819
1909
3304
1652
2528
1264
1299
649
4697
2348
2533
1266
7440
3720
851
425
3164
1582
9312
4656
6440
3220
2534
1267
2535
1267
3100
1550
5484
2742
2536
1268
6524
3262
2537
1268
2538
1269
2758
1379
2540
1270
2541
1270
9081
4540
2544
1272
2224
1112
2545
1272
1238
619
3432
1716
6264
3132
3244
1622
2547
1273
2548
1274
2549
1274
8129
4064
1983
991
2550
1275
8640
4320
2551
1275
334
167
2553
1276
2554
1277
8358
4179
433
216
2556
1278
3656
1828
3457
1728
5542
2771
2558
1279
6307
3153
2112
1056
2610
1305
6525
3262
3630
1815
5459
2729
2559
1279
3323
1661
4153
2076
2560
1280
2499
1249
3833
1916
9695
4847
2156
1078
648
324
4829
2414
9294
4647
1467
733
2562
1281
1068
534
2564
1282
2566
1283
7161
3580
5669
2834
3357
1678
5273
2636
930
465
3872
1936
2568
1284
5348
2674
3818
1909
2569
1284
2574
1287
2576
1288
2379
1189
2577
1288
7323
3661
2580
1290
3322
1661
5871
2935
4199
2099
6449
3224
2584
1292
9683
4841
2585
1292
2586
1293
3371
1685
3456
1728
2587
1293
6392
3196
2301
1150
3404
1702
7787
3893
2590
1295
2591
1295
7785
3892
5600
2800
4736
2368
2593
1296
7934
3967
2594
1297
4900
2450
720
360
2603
1301
8627
4313
3228
1614
2606
1303
8842
4421
5529
2764
2607
1303
4562
2281
2608
1304
2611
1305
5897
2948
5604
2802
2612
1306
5411
2705
3436
1718
5709
2854
2614
1307
6528
3264
4680
2340
2615
1307
6157
3078
4609
2304
6702
3351
2618
1309
4658
2329
2622
1311
7995
3997
2621
1310
2624
1312
3680
1840
2625
1312
4761
2380
8874
4437
8331
4165
1736
868
542
271
2626
1313
2628
1314
310
155
3423
1711
2634
1317
9056
4528
2635
1317
4099
2049
2641
1320
7186
3593
87
43
4733
2366
2642
1321
4079
2039
2643
1321
618
309
2644
1322
1099
549
3351
1675
4177
2088
2648
1324
2651
1325
3289
1644
4296
2148
8593
4296
8079
4039
7738
3869
6963
3481
2652
1326
2653
1326
2654
1327
5004
2502
5321
2660
2656
1328
3632
1816
7096
3548
4872
2436
2659
1329
3669
1834
5973
2986
2660
1330
2571
1285
2664
1332
7255
3627
2233
1116
2666
1333
7359
3679
2667
1333
2674
1337
9144
4572
3394
1697
4156
2078
1899
949
1670
835
4882
2441
1022
511
2668
1334
2669
1334
2670
1335
2673
1336
2675
1337
4460
2230
2959
1479
2886
1443
8166
4083
2676
1338
4449
2224
2679
1339
4789
2394
2680
1340
4471
2235
9781
4890
2683
1341
4030
2015
2684
1342
2685
1342
2687
1343
2690
1345
2691
1345
7408
3704
440
220
689
344
2692
1346
8432
4216
2693
1346
2695
1347
1502
751
965
482
4612
2306
6714
3357
838
419
2698
1349
9541
4770
7545
3772
2699
1349
4063
2031
2700
1350
4073
2036
1844
922
2701
1350
7432
3716
2703
1351
2704
1352
2705
1352
2706
1353
2707
1353
2708
1354
3315
1657
2710
1355
7227
3613
2141
1070
2711
1355
2712
1356
2713
1356
2714
1357
4633
2316
2074
1037
2715
1357
8343
4171
2716
1358
3031
1515
2717
1358
9615
4807
3324
1662
2718
1359
5775
2887
3545
1772
2720
1360
7752
3876
3028
1514
1242
621
2722
1361
7242
3621
3198
1599
2725
1362
9735
4867
9401
4700
2728
1364
100
50
2729
1364
4887
2443
134
67
2731
1365
705
352
4478
2239
8344
4172
2299
1149
4907
2453
2733
1366
4645
2322
8803
4401
5012
2506
5035
2517
2734
1367
9222
4611
1
0
2735
1367
2781
1390
1830
915
2737
1368
1610
805
2742
1371
1209
604
2743
1371
2744
1372
834
417
2746
1373
7853
3926
3089
1544
2650
1325
5031
2515
9306
4653
4223
2111
2747
1373
2928
1464
887
443
945
472
2819
1409
2754
1377
2756
1378
8184
4092
3599
1799
2760
1380
2762
1381
9340
4670
2763
1381
8781
4390
8333
4166
8220
4110
2619
1309
2764
1382
7263
3631
4110
2055
4417
2208
786
393
2765
1382
3393
1696
4165
2082
7939
3969
2766
1383
2767
1383
4575
2287
5001
2500
2769
1384
5823
2911
2771
1385
2557
1278
2772
1386
8272
4136
2773
1386
6541
3270
1712
856
2776
1388
2777
1388
9513
4756
8284
4142
4386
2193
5651
2825
4866
2433
2249
1124
1802
901
2779
1389
2783
1391
3368
1684
2785
1392
2786
1393
2787
1393
2791
1395
8168
4084
2792
1396
4251
2125
2793
1396
5746
2873
4709
2354
2794
1397
3973
1986
6584
3292
2795
1397
3685
1842
1213
606
2796
1398
7947
3973
3558
1779
2797
1398
3953
1976
2799
1399
6246
3123
3218
1609
2800
1400
1763
881
1036
518
4035
2017
9307
4653
2801
1400
7080
3540
2804
1402
561
280
4071
2035
7113
3556
2806
1403
9584
4792
8419
4209
3374
1687
8089
4044
7411
3705
3574
1787
6194
3097
4141
2070
2807
1403
7294
3647
2809
1404
2810
1405
8883
4441
6103
3051
445
222
1027
513
4128
2064
6621
3310
1377
688
2815
1407
7573
3786
3925
1962
4298
2149
1128
564
2816
1408
3084
1542
2818
1409
2820
1410
2821
1410
2823
1411
2826
1413
6210
3105
2827
1413
2828
1414
8264
4132
4786
2393
2833
1416
9172
4586
7316
3658
2837
1418
1852
926
96
48
3508
1754
345
172
2840
1420
9592
4796
3520
1760
4241
2120
8196
4098
6700
3350
2843
1421
2855
1427
7504
3752
6716
3358
2921
1460
4583
2291
1772
886
2860
1430
8035
4017
2861
1430
92
46
2864
1432
2865
1432
9773
4886
8752
4376
8266
4133
8260
4130
2867
1433
2868
1434
3955
1977
8768
4384
2869
1434
2583
1291
2870
1435
8151
4075
2871
1435
8356
4178
7761
3880
3091
1545
2873
1436
2970
1485
2874
1437
3763
1881
2875
1437
2877
1438
2987
1493
2878
1439
1980
990
3090
1545
2879
1439
2882
1441
2884
1442
9903
4951
2885
1442
3389
1694
4219
2109
1412
706
4193
2096
2890
1445
8384
4192
2891
1445
2892
1446
2131
1065
2893
1446
5900
2950
5790
2895
4430
2215
4729
2364
4792
2396
2898
1449
8205
4102
1321
660
3408
1704
9973
4986
2899
1449
7307
3653
2900
1450
9276
4638
4182
2091
6684
3342
1841
920
2901
1450
13
6
3581
1790
9102
4551
2902
1451
4328
2164
7225
3612
2903
1451
2904
1452
2908
1454
3171
1585
3633
1816
2460
1230
2909
1454
7760
3880
4998
2499
9825
4912
8969
4484
8910
4455
1728
864
2911
1455
2913
1456
5980
2990
1532
766
5039
2519
9910
4955
1107
553
2914
1457
6832
3416
1866
933
4700
2350
2915
1457
2916
1458
8602
4301
3911
1955
6836
3418
5382
2691
2918
1459
9760
4880
3706
1853
2919
1459
9304
4652
9002
4501
4368
2184
2920
1460
2922
1461
2430
1215
4885
2442
3659
1829
2923
1461
6693
3346
2926
1463
4855
2427
2929
1464
2930
1465
3720
1860
2940
1470
7855
3927
6635
3317
4155
2077
2932
1466
2934
1467
2935
1467
3787
1893
8238
4119
6989
3494
2936
1468
3018
1509
6099
3049
2938
1469
2939
1469
3513
1756
4798
2399
2941
1470
9297
4648
9161
4580
2943
1471
2945
1472
4209
2104
4693
2346
2946
1473
9560
4780
3551
1775
5311
2655
4089
2044
2949
1474
7326
3663
2950
1475
9984
4992
1870
935
1693
846
2952
1476
675
337
2441
1220
2953
1476
9063
4531
5007
2503
4764
2382
2954
1477
2956
1478
1226
613
4895
2447
2957
1478
3542
1771
7695
3847
1565
782
2960
1480
4433
2216
2961
1480
3431
1715
483
241
3784
1892
2609
1304
2962
1481
9483
4741
7565
3782
2967
1483
4240
2120
3894
1947
2971
1485
9434
4717
8517
4258
5310
2655
2972
1486
6088
3044
3193
1596
133
66
2975
1487
2980
1490
3372
1686
275
137
4572
2286
2984
1492
2986
1493
9274
4637
8028
4014
2989
1494
7887
3943
2991
1495
9995
4997
8217
4108
4506
2253
8973
4486
2993
1496
2995
1497
9818
4909
6293
3146
2996
1498
2264
1132
1881
940
2997
1498
9784
4892
9451
4725
1048
524
2709
1354
3001
1500
8983
4491
3377
1688
9873
4936
3004
1502
4334
2167
3005
1502
556
278
2896
1448
3507
1753
8085
4042
4379
2189
8702
4351
991
495
5044
2522
3006
1503
3603
1801
584
292
1102
551
3740
1870
3943
1971
8559
4279
5351
2675
5062
2531
3008
1504
5889
2944
3117
1558
3009
1504
3011
1505
3889
1944
8891
4445
8542
4271
4061
2030
3012
1506
4942
2471
3924
1962
2561
1280
3013
1506
3014
1507
5068
2534
3016
1508
4038
2019
943
471
4129
2064
9208
4604
1903
951
3022
1511
7244
3622
3024
1512
3291
1645
4673
2336
2446
1223
3025
1512
8451
4225
3030
1515
7911
3955
7203
3601
3489
1744
5541
2770
3032
1516
6285
3142
1746
873
3033
1516
6382
3191
3779
1889
5354
2677
4842
2421
1359
679
3034
1517
6121
3060
1832
916
4954
2477
3035
1517
3038
1519
3039
1519
4790
2395
7723
3861
2812
1406
2546
1273
3041
1520
3042
1521
7125
3562
4577
2288
1426
713
3043
1521
6240
3120
285
142
3044
1522
3610
1805
6962
3481
3045
1522
4159
2079
3046
1523
3047
1523
72
36
3049
1524
4326
2163
3050
1525
3055
1527
9083
4541
4287
2143
3533
1766
6650
3325
3056
1528
5309
2654
2055
1027
3057
1528
3058
1529
7959
3979
5254
2627
3061
1530
8123
4061
6015
3007
3062
1531
6294
3147
878
439
3063
1531
3065
1532
7605
3802
4070
2035
3066
1533
9415
4707
276
138
579
289
2752
1376
3580
1790
5921
2960
1869
934
3068
1534
3069
1534
6778
3389
4649
2324
8835
4417
3070
1535
4845
2422
9488
4744
244
122
412
206
3949
1974
3072
1536
2005
1002
4839
2419
3074
1537
3078
1539
1918
959
3080
1540
4775
2387
9127
4563
3083
1541
8645
4322
3092
1546
3093
1546
3094
1547
3567
1783
3095
1547
6185
3092
3096
1548
3098
1549
9590
4795
6706
3353
3059
1529
3101
1550
800
400
3103
1551
3312
1656
8435
4217
7955
3977
3104
1552
8010
4005
6009
3004
519
259
3106
1553
6082
3041
3429
1714
3108
1554
4702
2351
3109
1554
3113
1556
4800
2400
1469
734
3114
1557
2856
1428
3116
1558
7282
3641
2180
1090
3120
1560
2917
1458
3121
1560
4917
2458
2121
1060
3122
1561
623
311
3484
1742
3123
1561
3124
1562
5047
2523
1174
587
3125
1562
9279
4639
8414
4207
3126
1563
6198
3099
2396
1198
3127
1563
8884
4442
4753
2376
3128
1564
7313
3656
3129
1564
6462
3231
3548
1774
3790
1895
8202
4101
3133
1566
6150
3075
6120
3060
867
433
981
490
3136
1568
7870
3935
6092
3046
3602
1801
8750
4375
3139
1569
956
478
3142
1571
7265
3632
2480
1240
3792
1896
2272
1136
3149
1574
3150
1575
8797
4398
3746
1873
3153
1576
984
492
3154
1577
6199
3099
3155
1577
3156
1578
1410
705
3158
1579
9461
4730
2658
1329
5018
2509
3159
1579
5199
2599
4260
2130
3804
1902
8824
4412
3160
1580
3163
1581
3213
1606
7913
3956
3166
1583
7839
3919
5792
2896
3168
1584
6405
3202
5961
2980
3170
1585
8656
4328
3172
1586
6266
3133
3173
1586
3403
1701
3640
1820
3177
1588
7885
3942
3178
1589
3179
1589
3182
1591
9786
4893
3183
1591
174
87
3184
1592
3212
1606
9447
4723
5646
2823
3191
1595
672
336
1805
902
3192
1596
3195
1597
3522
1761
3197
1598
5225
2612
3559
1779
4277
2138
4448
2224
855
427
4563
2281
3200
1600
7043
3521
3201
1600
3203
1601
3803
1901
3204
1602
6145
3072
3205
1602
9180
4590
2157
1078
3604
1802
3208
1604
9766
4883
220
110
3400
1700
3209
1604
182
91
3210
1605
3211
1605
8469
4234
5227
2613
4456
2228
1779
889
3215
1607
3216
1608
3134
1567
3750
1875
3217
1608
3148
1574
3219
1609
3221
1610
7180
3590
3222
1611
3226
1613
8748
4374
246
123
4224
2112
7903
3951
7490
3745
6135
3067
3229
1614
7971
3985
3236
1618
3231
1615
8161
4080
4297
2148
3232
1616
2944
1472
3233
1616
3235
1617
7082
3541
6550
3275
3243
1621
2134
1067
3248
1624
1929
964
3773
1886
3249
1624
2931
1465
3250
1625
3251
1625
3252
1626
9350
4675
7876
3938
3253
1626
6172
3086
3488
1744
9958
4979
8987
4493
6268
3134
3255
1627
3259
1629
3550
1775
3637
1818
3261
1630
3263
1631
3265
1632
3450
1725
3667
1833
3266
1633
2463
1231
5064
2532
801
400
3269
1634
3270
1635
9808
4904
8976
4488
484
242
494
247
3276
1638
8994
4497
1580
790
3277
1638
3278
1639
3279
1639
3280
1640
3283
1641
6607
3303
3807
1903
3284
1642
9722
4861
3285
1642
3288
1644
8500
4250
2423
1211
2887
1443
4310
2155
9676
4838
3290
1645
8534
4267
3292
1646
3293
1646
3294
1647
3295
1647
303
151
3297
1648
3298
1649
4878
2439
2835
1417
2780
1390
3299
1649
3300
1650
2822
1411
4679
2339
3302
1651
6919
3459
3303
1651
8538
4269
7148
3574
4337
2168
1020
510
2105
1052
3305
1652
8997
4498
3308
1654
6057
3028
3309
1654
4453
2226
5878
2939
788
394
3311
1655
6879
3439
6155
3077
78
39
3317
1658
4115
2057
3464
1732
9248
4624
3318
1659
3319
1659
3329
1664
9034
4517
8022
4011
6011
3005
4469
2234
3331
1665
9614
4807
455
227
3332
1666
9597
4798
2727
1363
4357
2178
3333
1666
8276
4138
2748
1374
3334
1667
6349
3174
4644
2322
5335
2667
3336
1668
3337
1668
5139
2569
3339
1669
9497
4748
3342
1671
4175
2087
9518
4759
3343
1671
4033
2016
3345
1672
2505
1252
2109
1054
1201
600
3346
1673
4376
2188
3388
1694
478
239
1965
982
3451
1725
7089
3544
3961
1980
1110
555
3347
1673
3348
1674
3349
1674
1811
905
3352
1676
3353
1676
3355
1677
3359
1679
4419
2209
3362
1681
2532
1266
3363
1681
6685
3342
3364
1682
4201
2100
4869
2434
3365
1682
9335
4667
7462
3731
6090
3045
3367
1683
2124
1062
4681
2340
6809
3404
6358
3179
3370
1685
8352
4176
5175
2587
3373
1686
1037
518
3375
1687
6454
3227
172
86
3866
1933
4307
2153
9114
4557
8932
4466
7801
3900
3376
1688
9468
4734
2202
1101
3380
1690
4815
2407
3382
1691
3383
1691
5446
2723
3384
1692
6972
3486
3696
1848
3385
1692
3387
1693
4397
2198
1937
968
3391
1695
3477
1738
3395
1697
3399
1699
4120
2060
9601
4800
1548
774
4270
2135
3402
1701
3406
1703
4094
2047
4711
2355
3409
1704
1960
980
3462
1731
8833
4416
7689
3844
4867
2433
3410
1705
3412
1706
7338
3669
3413
1706
4870
2435
3415
1707
3905
1952
3416
1708
3418
1709
7514
3757
7383
3691
384
192
3420
1710
3421
1710
7429
3714
6239
3119
3425
1712
9792
4896
2637
1318
3188
1594
3426
1713
3434
1717
3435
1717
9246
4623
4595
2297
3437
1718
4890
2445
3287
1643
3439
1719
2327
1163
3440
1720
5447
2723
1932
966
3441
1720
3442
1721
4748
2374
3443
1721
114
57
3444
1722
2859
1429
3445
1722
6662
3331
3446
1723
3455
1727
6637
3318
6545
3272
2759
1379
3458
1729
5094
2547
3990
1995
2182
1091
3461
1730
3463
1731
9374
4687
2456
1228
3465
1732
3466
1733
2697
1348
3469
1734
958
479
4429
2214
8659
4329
3471
1735
3473
1736
3475
1737
4192
2096
9527
4763
3476
1738
8608
4304
3809
1904
5217
2608
2277
1138
3481
1740
6981
3490
3483
1741
3054
1527
3561
1780
7304
3652
4475
2237
2374
1187
3487
1743
3492
1746
6406
3203
3493
1746
3495
1747
3498
1749
3684
1842
3500
1750
3502
1751
7832
3916
3503
1751
1572
786
3361
1680
3506
1753
9202
4601
3102
1551
4100
2050
4498
2249
3510
1755
4392
2196
3511
1755
3512
1756
5572
2786
4830
2415
3514
1757
5618
2809
1685
842
5072
2536
1367
683
564
282
3517
1758
6768
3384
4359
2179
3518
1759
3519
1759
4304
2152
8237
4118
4837
2418
3523
1761
4195
2097
3524
1762
3528
1764
6328
3164
3677
1838
3529
1764
8859
4429
1623
811
3535
1767
3536
1768
2008
1004
3537
1768
7826
3913
2467
1233
3797
1898
3538
1769
5237
2618
3540
1770
669
334
184
92
2352
1176
3541
1770
1626
813
3544
1772
2215
1107
3956
1978
3547
1773
3552
1776
2017
1008
226
113
43
21
3553
1776
7905
3952
2194
1097
1491
745
3555
1777
6093
3046
3556
1778
3557
1778
3783
1891
4042
2021
9943
4971
3562
1781
3565
1782
9884
4942
7468
3734
6297
3148
5051
2525
5107
2553
3568
1784
4091
2045
3572
1786
711
355
3573
1786
3590
1795
3576
1788
3577
1788
6352
3176
3582
1791
5552
2776
3584
1792
5176
2588
3586
1793
9435
4717
3595
1797
4853
2426
9656
4828
6911
3455
5733
2866
3597
1798
9072
4536
4126
2063
3598
1799
5
2
856
428
3606
1803
5701
2850
3607
1803
8045
4022
3609
1804
9019
4509
3612
1806
3613
1806
3614
1807
5178
2589
106
53
3616
1808
4499
2249
6671
3335
3617
1808
3618
1809
3619
1809
3650
1825
3620
1810
7989
3994
5640
2820
3624
1812
9719
4859
3627
1813
3629
1814
3631
1815
8921
4460
8043
4021
7613
3806
160
80
3634
1817
3636
1818
8524
4262
3638
1819
3641
1820
3642
1821
8474
4237
3645
1822
9637
4818
9472
4736
4170
2085
7131
3565
464
232
4587
2293
7901
3950
3646
1823
3651
1825
3652
1826
3653
1826
8122
4061
3657
1828
7088
3544
5093
2546
4255
2127
5022
2511
3660
1830
580
290
5017
2508
8798
4399
3663
1831
808
404
4834
2417
3358
1679
3664
1832
9734
4867
6043
3021
4640
2320
5076
2538
3665
1832
9500
4750
6646
3323
3666
1833
8495
4247
1189
594
4013
2006
8127
4063
4093
2046
3578
1789
3668
1834
8632
4316
4916
2458
3671
1835
8407
4203
4051
2025
3676
1838
9156
4578
3681
1840
3682
1841
3683
1841
9794
4897
4814
2407
5731
2865
3688
1844
3692
1846
1437
718
3693
1846
6113
3056
3695
1847
1266
633
3697
1848
8261
4130
7509
3754
4627
2313
6992
3496
3698
1849
6290
3145
3699
1849
3701
1850
3703
1851
3704
1852
8164
4082
1867
933
3709
1854
8014
4007
4682
2341
3712
1856
7651
3825
7176
3588
3716
1858
3717
1858
3718
1859
7137
3568
1405
702
847
423
3721
1860
3722
1861
3723
1861
3724
1862
8935
4467
7680
3840
6001
3000
733
366
2478
1239
3730
1865
3733
1866
3736
1868
3738
1869
3739
1869
3747
1873
783
391
3748
1874
6142
3071
3749
1874
3751
1875
555
277
3862
1931
4750
2375
3755
1877
2388
1194
3756
1878
5767
2883
4520
2260
3757
1878
1955
977
3758
1879
2805
1402
3759
1879
6168
3084
3470
1735
4793
2396
3761
1880
3762
1881
3764
1882
7067
3533
4576
2288
3485
1742
3766
1883
8991
4495
4245
2122
3768
1884
6149
3074
1493
746
3930
1965
3770
1885
8387
4193
3772
1886
640
320
3774
1887
8974
4487
7277
3638
3778
1889
4481
2240
3781
1890
6055
3027
3789
1894
8207
4103
3791
1895
7063
3531
3794
1897
3800
1900
7352
3676
6484
3242
4629
2314
1582
791
3802
1901
8441
4220
975
487
4994
2497
8829
4414
3805
1902
3806
1903
7820
3910
4938
2469
3808
1904
9863
4931
1258
629
4874
2437
2947
1473
4936
2468
3811
1905
3812
1906
8511
4255
7053
3526
6777
3388
3815
1907
8570
4285
3816
1908
3821
1910
3824
1912
3825
1912
9327
4663
6441
3220
3826
1913
6510
3255
3998
1999
3827
1913
9524
4762
3828
1914
3831
1915
3834
1917
449
224
3836
1918
922
461
4137
2068
3838
1919
7118
3559
53
26
3843
1921
7286
3643
5960
2980
5164
2582
3846
1923
3844
1922
3847
1923
8844
4422
3849
1924
4336
2168
9546
4773
9431
4715
8515
4257
3850
1925
8096
4048
3853
1926
344
172
4348
2174
390
195
2592
1296
3854
1927
1575
787
3855
1927
4451
2225
3571
1785
3856
1928
3859
1929
3860
1930
4361
2180
4391
2195
3863
1931
4610
2305
3864
1932
3867
1933
8124
4062
3869
1934
5231
2615
3982
1991
4234
2117
3870
1935
3873
1936
3874
1937
3876
1938
3878
1939
492
246
3882
1941
3883
1941
7157
3578
4261
2130
3885
1942
3886
1943
3887
1943
9228
4614
3938
1969
2739
1369
3890
1945
4797
2398
3891
1945
3892
1946
3893
1946
3895
1947
3896
1948
5778
2889
3719
1859
3898
1949
3903
1951
3906
1953
1489
744
3908
1954
8142
4071
3909
1954
5569
2784
1807
903
3910
1955
2688
1344
3912
1956
3914
1957
6546
3273
3917
1958
3921
1960
8412
4206
1604
802
3923
1961
5518
2759
2321
1160
4580
2290
2912
1456
3929
1964
3931
1965
3935
1967
3936
1968
5780
2890
3937
1968
3939
1969
7815
3907
3940
1970
9556
4778
9000
4500
3941
1970
6848
3424
4105
2052
6614
3307
3975
1987
3944
1972
4470
2235
8171
4085
7898
3949
6303
3151
4135
2067
3947
1973
1111
555
3341
1670
3948
1974
868
434
3950
1975
8771
4385
3978
1989
9366
4683
8801
4400
3585
1792
3951
1975
3960
1980
3962
1981
9737
4868
5893
2946
3963
1981
9885
4942
3964
1982
1039
519
3965
1982
4320
2160
1431
715
2730
1365
3967
1983
9194
4597
3969
1984
9376
4688
3970
1985
3971
1985
3972
1986
6862
3431
3974
1987
5759
2879
3977
1988
6016
3008
3979
1989
9069
4534
9047
4523
4987
2493
3981
1990
9876
4938
8905
4452
5950
2975
3984
1992
7052
3526
4552
2276
4981
2490
3985
1992
9498
4749
3986
1993
4522
2261
3988
1994
6192
3096
6021
3010
3186
1593
3994
1997
3995
1997
4002
2001
4006
2003
3795
1897
1460
730
4008
2004
8875
4437
5553
2776
4009
2004
7902
3951
3596
1798
4011
2005
4012
2006
9638
4819
8297
4148
4016
2008
5028
2514
6625
3312
4228
2114
4018
2009
4019
2009
4020
2010
4021
2010
4982
2491
4022
2011
7197
3598
4023
2011
7285
3642
4024
2012
8324
4162
1342
671
5032
2516
3242
1621
4026
2013
5588
2794
4027
2013
3225
1612
4778
2389
4029
2014
6985
3492
5455
2727
4032
2016
4036
2018
4037
2018
7854
3927
4039
2019
1223
611
4723
2361
4043
2021
431
215
2184
1092
4045
2022
4046
2023
4047
2023
4858
2429
9309
4654
8054
4027
4048
2024
9384
4692
896
448
4985
2492
8335
4167
4050
2025
4055
2027
5754
2877
1941
970
2719
1359
4059
2029
3560
1780
4062
2031
4066
2033
1715
857
4007
2003
4068
2034
4412
2206
4072
2036
8404
4202
8067
4033
5689
2844
4226
2113
4074
2037
3151
1575
4075
2037
9509
4754
1270
635
4076
2038
4077
2038
4081
2040
7894
3947
4083
2041
8731
4365
5969
2984
4084
2042
2924
1462
3563
1781
4086
2043
4149
2074
5587
2793
4090
2045
2721
1360
4095
2047
4097
2048
3000
1500
4098
2049
4102
2051
4542
2271
6136
3068
4103
2051
7924
3962
4301
2150
4108
2054
641
320
4314
2157
4111
2055
4112
2056
7450
3725
2254
1127
4116
2058
1635
817
2370
1185
4117
2058
4118
2059
4119
2059
4122
2061
430
215
4123
2061
5362
2681
4353
2176
2020
1010
624
312
959
479
4124
2062
7447
3723
4125
2062
4132
2066
6925
3462
2597
1298
4134
2067
5049
2524
9281
4640
4142
2071
4144
2072
8837
4418
4339
2169
297
148
4146
2073
7878
3939
6931
3465
4147
2073
4150
2075
4899
2449
5114
2557
3771
1885
4154
2077
6846
3423
4157
2078
999
499
4158
2079
5070
2535
5622
2811
457
228
4161
2080
7236
3618
4166
2083
4492
2246
4168
2084
9345
4672
4169
2084
8106
4053
4173
2086
4179
2089
4183
2091
9414
4707
4184
2092
6658
3329
6320
3160
1675
837
807
403
4148
2074
4187
2093
8655
4327
4188
2094
5240
2620
4189
2094
7273
3636
4190
2095
4650
2325
4191
2095
5402
2701
1816
908
4196
2098
9169
4584
5798
2899
4197
2098
9707
4853
6672
3336
5842
2921
4198
2099
4200
2100
9653
4826
4204
2102
1627
813
3424
1712
4205
2102
1710
855
4215
2107
4220
2110
9417
4708
4625
2312
4227
2113
8388
4194
4231
2115
4232
2116
7551
3775
4233
2116
6754
3377
4235
2117
4236
2118
4238
2119
4239
2119
680
340
4242
2121
4249
2124
5890
2945
2852
1426
4253
2126
8611
4305
4327
2163
6719
3359
5248
2624
4254
2127
3813
1906
4626
2313
4256
2128
2775
1387
4257
2128
8485
4242
5696
2848
1457
728
4258
2129
6647
3323
4259
2129
7781
3890
4263
2131
9088
4544
1522
761
3433
1716
4264
2132
9185
4592
6592
3296
4422
2211
8710
4355
4265
2132
3588
1794
4267
2133
1619
809
4268
2134
1134
567
4269
2134
6631
3315
3570
1785
4271
2135
4272
2136
5409
2704
4990
2495
8200
4100
4273
2136
4708
2354
4278
2139
2309
1154
4279
2139
4280
2140
4283
2141
4285
2142
7050
3525
4286
2143
4290
2145
3111
1555
4291
2145
3015
1507
4293
2146
7430
3715
919
459
4295
2147
4344
2172
4299
2149
7985
3992
309
154
4311
2155
8287
4143
969
484
4312
2156
5680
2840
4315
2157
6379
3189
4462
2231
5630
2815
2137
1068
1790
895
30
15
4317
2158
4322
2161
5849
2924
4323
2161
5223
2611
3673
1836
5073
2536
4324
2162
1112
556
4524
2262
4445
2222
4325
2162
1967
983
4329
2164
4896
2448
4330
2165
4738
2369
581
290
4333
2166
7058
3529
3592
1796
4341
2170
9439
4719
4752
2376
4342
2171
4343
2171
4352
2176
9678
4839
4354
2177
4820
2410
3296
1648
4362
2181
4364
2182
4365
2182
4423
2211
3227
1613
4370
2185
4371
2185
4373
2186
4590
2295
7327
3663
4374
2187
5679
2839
836
418
4375
2187
684
342
2605
1302
4377
2188
8857
4428
7622
3811
4378
2189
8873
4436
3141
1570
4380
2190
3901
1950
4382
2191
4684
2342
4384
2192
4385
2192
4803
2401
4387
2193
239
119
708
354
4388
2194
6551
3275
4482
2241
4389
2194
9142
4571
6682
3341
1873
936
4211
2105
4390
2195
2992
1496
4395
2197
4396
2198
267
133
4399
2199
4459
2229
4401
2200
8554
4277
4404
2202
5196
2598
4405
2202
4406
2203
2578
1289
4409
2204
4410
2205
7745
3872
4411
2205
2117
1058
4413
2206
9633
4816
8267
4133
902
451
4415
2207
6692
3346
6654
3327
2647
1323
4335
2167
4420
2210
4248
2124
4421
2210
4426
2213
4428
2214
3414
1707
4434
2217
1889
944
4436
2218
2897
1448
700
350
4437
2218
7042
3521
2888
1444
4440
2220
4444
2222
7414
3707
6129
3064
493
246
86
43
4446
2223
1751
875
4454
2227
8416
4208
6453
3226
4717
2358
3658
1829
4455
2227
5870
2935
4464
2232
1261
630
3085
1542
3131
1565
4465
2232
7471
3735
4528
2264
4468
2234
4473
2236
8540
4270
4474
2237
7189
3594
2144
1072
1735
867
4479
2239
4480
2240
5286
2643
3686
1843
4484
2242
4485
2242
4486
2243
4487
2243
2988
1494
4489
2244
5232
2616
4493
2246
8536
4268
4496
2248
7486
3743
4497
2248
5958
2979
5674
2837
4502
2251
4505
2252
9254
4627
8604
4302
4513
2256
7606
3803
3307
1653
4514
2257
4516
2258
4519
2259
3644
1822
4521
2260
2686
1343
4523
2261
4526
2263
8908
4454
5972
2986
2778
1389
4527
2263
8476
4238
4531
2265
4532
2266
4533
2266
6233
3116
4739
2369
4538
2269
9717
4858
4539
2269
5289
2644
4056
2028
2
1
4541
2270
9675
4837
9226
4613
4548
2274
2077
1038
3264
1632
4553
2276
9937
4968
9922
4961
9258
4629
4554
2277
380
190
4671
2335
7342
3671
1179
589
1739
869
4886
2443
4558
2279
5789
2894
4559
2279
3356
1678
4560
2280
4564
2282
4565
2282
4566
2283
6999
3499
5038
2519
6049
3024
2461
1230
4568
2284
2472
1236
4570
2285
7379
3689
4571
2285
7311
3655
4221
2110
4574
2287
4578
2289
6047
3023
5373
2686
4579
2289
989
494
4581
2290
4582
2291
7284
3642
2627
1313
4214
2107
4584
2292
8514
4257
5392
2696
4585
2292
4586
2293
365
182
4591
2295
2071
1035
4740
2370
4828
2414
9086
4543
4593
2296
4596
2298
4601
2300
6000
3000
4602
2301
9204
4602
4603
2301
4605
2302
4162
2081
4608
2304
3857
1928
4613
2306
2308
1154
4618
2309
5946
2973
4619
2309
9679
4839
4620
2310
7478
3739
4622
2311
2243
1121
2076
1038
4630
2315
7184
3592
4631
2315
6474
3237
4632
2316
1812
906
4143
2071
4634
2317
3769
1884
4637
2318
4638
2319
4551
2275
4639
2319
8904
4452
1132
566
4642
2321
7102
3551
4400
2200
4958
2479
5652
2826
4646
2323
4648
2324
4653
2326
4657
2328
2830
1415
4660
2330
518
259
4665
2332
4666
2333
1040
520
357
178
4442
2221
4667
2333
4668
2334
4674
2337
9790
4895
8917
4458
4540
2270
4675
2337
4678
2339
6649
3324
2238
1119
4744
2372
2406
1203
4683
2341
7748
3874
4685
2342
83
41
4687
2343
4689
2344
1032
516
4691
2345
8674
4337
4692
2346
119
59
2384
1192
4694
2347
4696
2348
2520
1260
3532
1766
4698
2349
4699
2349
4701
2350
6116
3058
3189
1594
4703
2351
508
254
1908
954
4706
2353
8170
4085
4712
2356
8948
4474
4598
2299
4713
2356
4716
2358
4719
2359
4720
2360
4722
2361
8664
4332
8424
4212
7626
3813
6689
3344
4731
2365
2226
1113
2866
1433
4732
2366
4734
2367
4737
2368
4913
2456
4741
2370
8666
4333
4743
2371
4747
2373
4749
2374
4754
2377
5901
2950
1673
836
3501
1750
2951
1475
4756
2378
5060
2530
4758
2379
3325
1662
1667
833
4760
2380
4394
2197
4762
2381
9585
4792
4763
2381
8466
4233
4765
2382
5213
2606
4767
2383
9942
4971
4350
2175
4768
2384
1191
595
4769
2384
4770
2385
4771
2385
4773
2386
5895
2947
4774
2387
1253
626
4776
2388
8471
4235
1904
952
4777
2388
6071
3035
4780
2390
4781
2390
4785
2392
932
466
4795
2397
6219
3109
4796
2398
2784
1392
4806
2403
5745
2872
4809
2404
6492
3246
4810
2405
9432
4716
7511
3755
7426
3713
4811
2405
4812
2406
3048
1524
4816
2408
4819
2409
3625
1812
4823
2411
3743
1871
4826
2413
4827
2413
4836
2418
3230
1615
2694
1347
2969
1484
3379
1689
4841
2420
7936
3968
4844
2422
4759
2379
4849
2424
7896
3948
3335
1667
4850
2425
4808
2404
4851
2425
4852
2426
1749
874
4854
2427
9588
4794
5682
2841
4861
2430
3731
1865
4862
2431
4863
2431
7892
3946
7681
3840
4864
2432
5380
2690
4871
2435
4873
2436
4877
2438
6854
3427
4880
2440
3245
1622
4883
2441
7169
3584
6547
3273
4891
2445
9355
4677
7635
3817
4893
2446
4894
2447
9793
4896
3180
1590
4897
2448
4898
2449
4363
2181
4901
2450
9220
4610
4904
2452
9580
4790
4847
2423
4906
2453
3438
1719
4909
2454
9223
4611
5608
2804
3968
1984
4672
2336
4910
2455
2824
1412
4911
2455
9437
4718
4912
2456
4915
2457
4918
2459
2601
1300
4919
2459
4920
2460
2377
1188
4921
2460
4922
2461
7692
3846
6452
3226
4925
2462
4926
2463
4927
2463
7899
3949
5860
2930
4929
2464
6275
3137
4930
2465
4931
2465
7101
3550
4932
2466
8120
4060
6024
3012
5016
2508
4933
2466
4080
2040
4934
2467
6593
3296
2488
1244
4935
2467
4940
2470
5034
2517
3933
1966
4941
2470
8649
4324
2466
1233
4244
2122
4943
2471
4947
2473
4948
2474
8131
4065
4949
2474
4955
2477
4960
2480
4961
2480
9911
4955
4965
2482
4966
2483
4967
2483
4969
2484
1535
767
4821
2410
4970
2485
6915
3457
4972
2486
4974
2487
9277
4638
4977
2488
1055
527
4980
2490
4986
2493
4988
2494
4989
2494
4991
2495
4992
2496
9770
4885
626
313
4993
2496
1671
835
4995
2497
6819
3409
3810
1905
4996
2498
9881
4940
4997
2498
4999
2499
5002
2501
7438
3719
5803
2901
5011
2505
7109
3554
6013
3006
5013
2506
5015
2507
964
482
5021
2510
1959
979
5024
2512
6795
3397
5025
2512
1121
560
5027
2513
9387
4693
5033
2516
9448
4724
8252
4126
5036
2518
426
213
5037
2518
5040
2520
6886
3443
5042
2521
5046
2523
5050
2525
5053
2526
1912
956
5055
2527
8601
4300
1221
610
5056
2528
5057
2528
8359
4179
8311
4155
7483
3741
5058
2529
5059
2529
2119
1059
5067
2533
1624
812
5074
2537
5075
2537
2347
1173
4053
2026
5078
2539
3904
1952
5080
2540
3075
1537
5081
2540
5082
2541
5084
2542
5085
2542
